 2804 2696 2708 1990 1412 989 1154 1513 1900 2400 2413 2961 3422 3718 3591 3531 3397 3218 3143 3437 3551 3521 3437 3329 3500 3056 2639 2739 2589 2597 2331 2438 2313 2024 1886 1863 1903 1907 1972 1877 1917 2255 2353 1950 1891 1797 1970 1876 1416 1148 1120 1053 969 944 868 1092 922 974 921 964 1003 934 1018 1285 1374 1642 1373 992 991 1200 1222 979 814 795 1067 1326 860 581 436 429 682 844 1134 844 588 415 404
 2614 2420 2329 1537 1107 950 1306 1774 2240 2169 2350 2619 3395 3759 3674 3600 3502 3485 3282 3316 3532 3628 3489 3377 3278 3189 2807 2938 2770 2539 2195 2092 2011 2026 2162 2074 2021 1899 1896 2067 2017 2190 2280 1940 2076 1773 1663 1633 1290 1495 1360 1231 1382 1303 813 1190 1221 1252 975 1117 1172 1073 1189 1589 1571 1758 1496 1080 885 990 1144 937 744 692 924 1239 1009 556 424 379 517 627 1037 906 575 458 439
 2318 1991 1715 1325 1018 940 1134 1433 1690 2031 2760 3035 3494 3900 3739 3748 3654 3609 3476 3420 3478 3830 3680 3444 3091 2944 3112 2780 2486 2371 2315 2330 2149 2432 2385 2213 2059 1995 1927 2149 2095 2037 2190 1993 2180 1843 1442 1342 1436 1752 1692 1527 1454 1402 819 1218 1482 1357 1059 1274 1267 1246 1186 1507 1746 1771 1699 1209 947 797 1000 974 801 682 845 1132 998 522 374 414 475 600 854 1032 722 561 448
 2360 1999 2082 1878 1404 1241 980 1473 1655 2108 2730 2727 3496 3745 3806 3822 3724 3729 3632 3511 3437 3656 3733 3474 3317 3341 3062 2792 2659 2543 2573 2587 2339 2597 2341 2165 2025 1963 1928 2058 2138 2069 2057 2109 2176 1922 1734 1463 1841 1857 1783 1481 1072 1032 880 1252 1545 1491 1171 1309 1252 1141 1121 1426 1799 1808 1774 1304 935 758 801 841 808 731 729 1010 958 511 352 399 442 524 689 1073 800 541 470
 2556 2276 2547 2376 2095 1389 973 1463 1955 2013 2319 2589 3056 3727 3813 3877 3855 3761 3793 3559 3616 3436 3857 3511 3579 3300 3177 2822 2916 2843 2851 2890 2788 2629 2304 2202 2187 2022 1966 2064 2112 1980 1896 2065 2095 1985 1853 1736 1934 1816 1826 1529 1093 779 1077 1341 1386 1560 1257 1331 1194 1023 1039 1313 1743 1801 1730 1324 991 765 605 656 777 841 681 873 917 487 351 367 394 454 588 888 945 655 499
 2968 2492 2163 2294 2146 1447 1062 1522 1958 2413 2759 2910 3389 3550 3717 3872 3863 3844 3866 3571 3760 3733 3616 3718 3720 3574 3312 3193 3200 3221 3142 3015 2781 2570 2526 2336 2288 2153 2060 2087 2169 2153 1963 1934 2023 2102 1978 1871 1761 1714 1755 1570 1525 1216 814 1290 1320 1469 1242 1241 1280 1012 936 1179 1544 1779 1682 1359 1159 922 622 685 775 845 691 678 670 397 332 356 366 408 499 657 912 789 521
 2859 2229 1939 1735 1790 1297 1108 1379 1549 2305 2796 3027 2948 3164 3221 3507 3569 3857 3911 3670 3750 3880 3755 3780 3803 3918 3662 3409 3228 3006 2927 2616 2646 2466 2213 2083 1924 1897 1946 2193 2177 2139 2017 2017 1975 2019 2032 1851 1778 1721 1702 1524 1379 1273 850 915 1284 1262 1228 1067 1295 1073 885 1116 1376 1365 1712 1710 1370 1141 764 598 725 778 707 797 909 580 389 333 347 374 426 565 771 888 650
 2700 2612 2206 2133 1440 1069 1232 1632 2035 2386 2665 2894 2714 2688 2734 2976 3172 3551 3830 3953 3840 3856 3967 3575 3578 3745 3929 3502 3186 2827 2910 2720 2311 2268 2231 2291 1899 1936 1989 1940 1843 1845 1883 2056 1980 1932 1874 1974 1946 1760 1635 1518 1303 1211 828 770 1229 1099 1220 926 1151 997 841 1130 1010 1120 1581 1639 1346 1145 848 595 661 765 829 875 1057 668 433 318 350 370 411 453 633 911 774
 2744 2713 2019 1950 1380 1206 1021 1299 2053 2280 2316 2436 2384 2460 3100 3506 3696 3764 3882 3945 3961 4073 3858 3457 3357 3162 3504 3241 3078 2863 2514 2533 2118 1993 1997 2040 2012 2448 2165 2082 1995 1844 1626 1556 1587 1708 1596 1693 1623 1479 1496 1212 1358 1294 840 714 1057 981 1193 870 1057 874 811 994 793 1164 1548 1476 1209 875 737 618 738 800 867 913 1062 713 460 360 313 361 366 465 531 723 900
 2627 2774 2081 1570 1775 1581 997 1072 1264 1448 1753 1969 2259 2903 3107 3571 3847 3850 3890 3742 3792 3799 3698 3766 3630 3289 3033 2901 2628 2693 2438 2145 2287 2203 2275 2697 2642 2374 2404 2445 2364 1880 2068 1942 1692 1477 1255 1106 1068 1022 1004 1009 990 1235 953 643 915 910 1079 870 975 841 751 765 831 1254 1486 1420 1286 828 559 622 733 781 786 874 979 764 479 416 302 322 391 420 473 567 790
 2413 2308 1987 2141 2355 1840 1053 1263 1511 1473 1451 1711 2293 2500 3065 3316 3373 3549 3876 3827 3607 3600 3354 3288 3212 3015 2890 2629 2492 2339 2346 2557 2513 2394 2537 2838 2882 2622 2591 2634 2299 1803 2259 2167 2020 2060 1923 1668 1586 1700 1467 1368 1197 963 927 693 918 889 926 947 823 845 665 611 789 1130 1373 1437 1082 772 580 588 641 655 728 813 883 792 455 363 306 304 362 416 439 502 557
 2336 2400 2784 2638 2150 1490 1136 1149 1810 1953 1534 1726 1947 2147 2582 2576 2701 3410 3918 3782 3526 3625 3567 3390 3298 3241 2964 2573 3021 2560 2617 2887 2566 2627 2981 2972 2828 2867 2854 2661 2423 2005 2278 2532 2146 1824 1751 1928 1886 1807 1627 1481 1291 1214 987 697 698 953 1073 1105 707 905 641 620 777 1100 1226 1468 1268 913 835 808 638 639 650 713 745 810 487 396 333 286 308 411 396 431 498
 2657 2654 2753 2214 1955 1799 1627 1022 1402 1901 1825 1782 2115 2546 2418 2346 2551 2696 3463 3669 3583 3954 3697 3615 3395 3425 2962 2889 3331 3027 2844 2935 2887 2737 3267 3270 3171 3074 2943 2735 2326 2185 2588 2369 2051 2147 1784 1566 1620 1725 1561 1461 1180 1032 903 844 611 743 1073 1159 726 719 701 511 742 1058 1094 1400 1210 805 792 731 769 581 657 664 629 792 685 491 416 342 295 310 399 394 416
 2942 3022 2722 2690 2540 2636 2220 1481 1060 1576 2114 2039 2262 2369 2834 2692 3019 2867 3068 3474 3801 3904 3847 3535 3493 3469 3266 3339 3327 3549 3585 3274 3187 2906 3317 3413 3126 2796 2698 2520 2481 2540 2744 2306 2195 2333 1703 1782 1555 1359 1248 1358 1204 985 970 812 690 784 905 1079 864 590 617 505 658 987 1051 1031 1061 702 752 637 717 631 593 649 613 675 767 561 503 427 358 308 327 402 378
 3197 3281 3162 3187 3091 2870 2219 1760 1063 1390 2123 2187 2685 2943 2964 2877 3228 3349 3087 3267 3555 3542 3765 3674 3684 3599 3653 3621 3691 3529 3781 3778 3638 3258 3511 3402 3231 3163 3082 2974 2795 2816 2541 2423 2399 2260 1887 1948 1959 1657 1394 1368 1213 1097 874 907 699 666 854 1101 1019 579 511 546 779 837 1118 894 715 644 548 589 602 543 714 722 605 619 734 561 495 442 388 282 299 392 387
 3661 3781 3626 3375 2818 2692 1997 1629 1296 1078 1768 2654 2764 3092 3334 3374 3359 3629 3714 3624 3779 3808 3695 3871 3849 3628 3787 3832 3758 3732 3684 3819 3705 3741 3541 3514 3450 3442 3446 3107 3020 2807 2788 2685 2131 1867 1751 1772 1774 1874 1668 1437 1315 1059 806 755 546 565 644 806 987 705 489 557 825 704 1041 986 715 594 534 512 481 608 743 797 602 597 743 616 449 427 400 291 296 308 302
 3635 3650 3691 3313 3035 2244 1808 1433 1497 1219 1402 2532 2620 2505 2617 2917 3168 3625 3733 3837 4014 4136 4137 4188 3697 3783 3867 3804 3765 3851 3767 3677 3723 3555 3643 3461 3546 3489 3512 3346 3249 3154 3024 2665 2295 1923 1723 1474 1356 1372 1180 984 858 1075 972 934 763 639 630 735 919 777 458 504 648 668 853 806 735 632 571 528 517 640 657 816 595 641 756 637 373 318 349 418 368 320 320
 3513 3517 3400 3094 2780 1898 1965 2265 2291 1656 1070 1698 2294 1864 3126 3502 3550 3351 3540 3750 3981 3944 4049 4337 3714 4028 3862 3895 3867 3737 3800 3618 3519 3576 3446 3381 3412 3494 3323 3377 3334 3005 2620 2262 2299 2210 2076 1812 1399 1318 1355 1097 802 1255 1064 944 792 687 590 782 916 874 476 481 657 668 857 576 519 569 713 652 602 725 572 770 696 599 580 498 385 404 463 476 399 356 335
 3495 3258 3295 3038 2293 2529 2646 2587 2588 1785 1220 1697 2240 1801 2642 3112 3778 3742 3799 3777 3433 3521 4037 4114 4269 4257 3847 3724 3693 3599 3653 3627 3302 3201 3151 3072 2960 3159 3297 2945 3107 3086 2685 2333 2026 2031 2260 2112 1757 1612 1210 837 949 1337 1131 950 705 687 612 732 801 791 469 551 667 725 926 619 561 768 823 578 542 727 574 616 820 598 733 639 461 469 466 427 351 299 270
 3475 3272 3007 2892 3005 2885 3008 2577 2555 2035 1178 1336 1916 1547 1989 2744 3321 3406 3267 3380 3488 2946 3192 3764 4001 4114 3840 3748 3840 3772 3708 3447 3722 3663 3553 3357 3062 2684 2685 2898 2497 2813 2777 2351 2183 1931 1777 2031 1754 1433 949 1078 1430 1466 1163 875 808 827 707 668 653 533 429 544 591 715 825 589 672 894 714 565 506 673 544 502 799 676 796 875 561 435 413 335 286 261 261
 3792 3623 3241 3325 3663 3682 3053 2571 2175 1794 1216 1179 1274 1650 2308 3124 3517 3093 2418 2825 2786 2962 2652 3057 3335 3891 3835 3864 3844 3681 3621 3720 3737 3587 3469 3355 3206 3246 2572 2420 2438 2240 2445 2426 2514 2094 1816 1732 1632 1283 993 1210 1614 1305 1178 1032 928 969 710 719 516 462 391 468 591 664 763 575 768 1024 734 654 486 554 536 455 599 777 692 903 580 435 347 284 265 263 266
 3920 3755 3805 3545 3673 3728 3086 2703 2387 2392 1898 1107 1051 1606 2300 2806 2790 2392 2261 2108 2032 2271 2503 2708 3161 3539 3857 3848 3900 3808 3820 3716 3709 3632 3584 3604 3429 3114 2464 2461 2239 2028 1903 2016 2252 2248 1950 1601 1343 1147 1017 1016 1339 1074 922 857 1033 835 777 817 526 439 379 551 671 711 615 656 987 933 825 785 475 487 469 471 527 767 697 898 567 377 295 269 268 268 268
 3909 3919 3844 3528 3323 3430 2943 2527 2295 2068 1853 1485 1175 1112 1955 2235 2074 1790 1748 2259 2697 2831 2791 3048 2995 3153 3383 3694 3849 3874 3805 3727 3555 3443 3432 3211 3040 2911 3135 3139 2601 2653 2326 1789 1786 2193 2121 1985 1744 1565 1415 1287 1213 1115 808 1018 923 1015 937 887 790 496 370 406 474 475 545 807 867 862 1068 922 712 445 489 468 488 582 715 916 555 362 286 270 271 275 319
 3945 3899 3707 3389 3197 3264 3302 2714 2301 2312 2626 2488 1790 1075 1345 1701 1581 1921 2335 2358 3206 3348 3305 3583 3718 3459 3449 3554 3854 3859 3729 3691 3751 3692 3532 3480 3493 3438 3295 3364 3109 2763 2281 2176 1653 1995 2083 1902 1830 1499 1188 1141 1349 1125 1124 979 1045 1177 1047 1017 996 625 433 364 412 360 413 655 559 711 1018 1157 773 510 398 442 518 479 630 855 598 396 288 272 277 301 349
 3869 3942 3826 3738 3535 3780 3495 3030 2765 2520 3082 2580 1817 1132 1511 2124 2502 2803 2981 2778 3458 3580 3944 3979 3968 3850 3726 3623 3739 3773 3762 3699 3772 3641 3589 3591 3588 3506 3449 3458 3009 2538 2221 1902 1599 1685 1591 1503 1440 1224 1153 1120 1067 1355 1158 1152 1106 1248 1119 1085 1056 671 428 409 670 555 378 387 428 650 933 1058 919 623 436 395 532 403 499 741 648 387 297 298 326 367 401
 3738 3856 3909 3730 3531 3599 3834 3599 3136 2769 2965 2337 1924 1373 1272 2312 3127 3484 3486 3378 3696 3924 3774 3811 3791 3882 3850 3750 3778 3759 3749 3703 3567 3521 3610 3572 3461 3335 3186 3306 2755 2595 2350 2244 1792 1599 1444 1511 1266 1191 1272 1226 1124 1404 1117 1275 1292 1184 1094 1010 894 710 450 386 613 854 559 363 585 817 894 1017 1171 962 473 347 451 456 385 527 623 395 337 333 356 434 457
 3451 3883 3922 3634 3315 3363 3907 3800 3298 3169 2866 2173 2088 2109 1570 2062 2901 2782 2904 3207 3626 3290 3662 3982 3942 3961 3819 3806 3770 3666 3699 3728 3659 3640 3453 3326 3150 2977 2640 2597 2347 2061 1994 1795 1742 1568 1537 1433 1439 1420 1742 1619 1153 1358 1375 1260 1397 1208 1163 1032 786 680 482 430 572 862 553 366 508 636 717 965 999 859 565 383 341 366 334 457 498 472 303 373 352 369 455
 3393 3723 3952 3813 3378 3220 3719 3900 3311 3047 2958 2729 2839 2450 1395 1656 2160 1891 2067 2824 3117 2620 3064 3661 3948 3855 3670 3790 3781 3716 3550 3629 3545 3554 3462 3493 3473 3259 2915 2834 2704 2320 2250 2225 2355 1990 1693 1651 1971 1941 2091 1789 1487 1393 1640 1484 1590 1402 1300 1205 732 752 658 484 703 934 765 433 495 408 689 982 1124 992 949 579 358 374 364 370 400 407 330 330 377 349 368
 3357 3610 3875 3945 3527 3087 3546 3789 3328 2573 2215 2804 2562 2607 1714 1120 1860 2469 2564 2898 2412 2533 3371 3036 3605 3397 3637 3734 3712 3657 3585 3439 3536 3468 3362 3235 3197 3209 3118 3038 3118 2780 2740 3019 2593 2242 2259 2339 2189 1894 2106 2002 1651 1625 1644 1717 1500 1510 1476 1317 949 930 762 470 651 792 987 586 594 438 490 736 1026 1070 841 668 421 358 380 367 327 432 453 301 394 385 372
 3154 3308 3511 3890 3622 3012 3124 3405 3128 2183 1901 2462 2169 2495 2364 1763 1846 2587 2641 2558 2869 3212 3150 2723 2741 3151 3796 3765 3718 3599 3534 3341 3496 3591 3461 3347 2914 2621 2682 2644 2690 3039 3161 2863 2526 2269 2087 1935 1781 1556 1962 1941 1428 1505 1322 1280 1307 1318 1445 1059 928 628 627 443 501 687 1068 767 638 592 384 502 803 976 1053 894 530 345 311 294 355 469 491 370 329 435 387
 2876 3164 3146 3622 3536 2992 2688 2872 2729 1966 1642 2030 1937 2282 2523 1684 1540 2133 2028 2141 2711 2864 2733 2396 2928 3181 3582 3600 3688 3594 3607 3370 3397 3572 3408 3159 2765 2419 2436 2398 2359 2677 2603 2782 2417 1859 1461 1305 1225 1229 1337 1338 1059 972 1065 834 801 830 1085 874 704 644 823 670 546 747 1052 921 600 554 464 404 500 642 885 1022 702 394 306 293 372 415 555 439 341 386 431
 2783 3082 2982 3132 3517 3222 3027 2511 2108 1777 1400 1576 1581 1668 2193 1334 1146 1276 1687 2227 2567 2781 2256 2496 3413 3593 3850 3803 3723 3620 3484 3413 3215 3437 3434 3204 2653 2436 2143 2125 2190 2214 2387 2263 2104 1546 1303 1509 1642 1180 1186 1084 1246 1244 1039 1095 1128 1408 1714 1126 974 879 1153 976 770 803 996 938 519 479 713 650 380 432 619 846 800 497 321 321 327 431 523 519 439 323 467
 2784 3113 3090 2787 3218 3351 3353 2351 1956 1391 1425 1328 1283 1298 1505 1429 1073 1301 1842 2354 2097 2226 1867 2472 2648 3245 3782 3790 3750 3720 3668 3527 3288 3223 3105 2949 2991 2788 2545 2035 2397 1759 1775 1557 1547 1653 1840 1972 1417 1636 1894 1507 1860 1893 1774 1610 1473 1862 1725 1202 1210 1220 1369 1251 879 1232 1182 915 681 527 655 820 548 393 407 475 583 462 475 361 340 347 412 488 497 400 400
 2881 3066 3293 2795 2677 3143 2966 1886 1523 1466 1857 1526 1317 1170 1248 1488 1405 1232 1521 1668 1513 1847 2045 2394 2841 3240 3618 3491 3723 3603 3440 3408 3480 3536 3443 3324 2937 2468 2434 1986 2015 1727 2135 2077 2084 2282 2490 1994 1410 1904 2372 2054 2191 1956 1964 2002 1928 1608 1297 1050 1486 1460 1285 1120 915 1350 1354 1075 1101 781 792 764 577 734 522 461 440 472 626 420 378 366 401 420 536 459 337
 3129 3086 2832 2695 2470 2687 2644 1546 1594 1985 2024 1857 1753 1560 1419 1748 1262 1119 1581 1880 1985 2669 2726 2793 2933 2829 2875 3309 3719 3612 3589 3676 3551 3361 3182 2763 2506 2292 2394 2411 2645 2108 2058 2559 2631 2882 2858 2021 1699 1905 2414 2683 2311 1804 1436 1459 1417 1362 1059 1058 1635 1403 1116 1106 1154 1158 1510 1471 1171 1078 1081 859 674 754 728 438 562 681 667 575 444 404 388 374 382 414 406
 2883 2959 2752 2410 2273 2227 2184 1529 1901 2306 2683 2371 2190 2054 1629 1635 1673 1220 1289 1802 2251 2325 2196 2170 2160 2323 3016 3449 3778 3705 3697 3571 3472 3406 3201 3216 3085 2660 2509 2225 2458 2523 2218 2569 3006 2639 2393 1832 1981 2664 2548 2161 1829 1395 1469 1551 1335 1080 1045 1425 1968 1758 1350 1304 1297 1314 1360 1603 1360 1361 1252 1027 815 539 445 499 479 718 716 647 549 458 402 373 387 505 389
 2490 2608 2685 2489 2463 2083 1602 1738 2033 2391 2743 2825 2583 2682 2159 1787 1849 1439 1696 1402 1270 1469 1614 2282 2783 2995 2821 3485 3906 3904 3741 3690 3731 3569 3203 3343 3516 3007 2486 2518 2735 2924 2547 2723 2578 2389 1995 2264 2553 3089 2901 2212 1664 1398 1983 2276 1764 1564 1498 1562 1521 1215 876 901 1417 1316 1235 1204 1159 1538 1475 1272 921 580 485 521 623 735 740 891 643 491 412 411 431 452 397
 2240 2320 2500 2716 2843 2724 1712 2297 2300 2831 2837 3141 2951 3162 2597 2076 2097 1695 1674 1813 1160 1298 1567 2205 3135 3558 3137 3529 3871 4044 3773 3635 3503 3462 3422 3544 3579 3268 2665 2916 3196 3382 3209 2990 2663 2282 2357 2438 2930 3037 2705 2330 1856 1610 1985 2247 2228 2120 1649 1316 1078 1440 1399 1064 762 1011 1249 807 880 1178 1011 933 706 435 602 576 735 716 849 1051 779 519 476 447 432 404 355
 2055 2079 2370 2235 2035 2130 1751 2598 2759 3099 3108 3319 3232 3153 2793 2464 2351 2351 1939 1838 1768 1265 1682 2510 3153 3662 3688 3772 3844 3776 3838 3759 3807 3756 3508 3542 3642 3269 2885 3436 3357 3442 3336 3097 2627 2491 2792 2878 2518 2521 2069 2097 1631 1653 2305 2511 2218 1945 1605 1322 1370 1758 1390 791 1147 1387 1105 963 1179 859 633 636 518 485 726 753 694 926 949 1045 978 637 549 455 392 365 318
 2058 2233 2130 1979 2241 1906 2205 2586 3133 3472 3406 3680 2938 2524 2770 2573 2381 2388 1958 1645 1506 1356 1528 2346 3009 3297 3019 3342 3906 3909 3821 3799 3791 3686 3638 3739 3392 3039 3125 3550 3526 3369 3097 2963 2979 2720 2555 2643 2585 2111 1906 1666 1838 1998 2313 2095 1794 1521 1248 1153 1246 1046 1012 908 1331 1353 1123 1186 1604 1635 1257 988 960 632 845 1025 879 1080 998 795 1019 860 629 517 419 389 334
 2147 2457 2644 2565 2571 2582 2605 2808 3341 3923 3782 3775 2912 2232 2363 2092 1895 1784 1804 1348 1260 1213 1558 2139 2429 2355 2567 3445 3888 3316 3499 3749 3795 3765 3826 3596 3123 3281 3469 3506 3456 3425 3354 3003 2692 2501 2505 2090 2152 1897 1740 2259 2333 2618 2783 2508 2253 1487 1326 1295 918 926 1514 1234 984 1300 1624 1559 1755 1540 1249 1049 1170 796 699 1026 1190 1103 967 760 823 937 603 512 472 432 373
 2308 2519 2886 3131 2780 2733 2815 3009 3215 3774 4127 3852 2949 2148 2006 1761 1708 1346 1360 1290 1564 1189 1444 1653 1756 2280 2637 3545 3451 2829 3235 3802 3733 3733 3651 3580 3352 3215 3481 3434 3281 3095 3092 2649 2644 2330 2079 1917 1792 2047 2260 2299 2830 2612 2376 2598 1944 1439 1708 1020 1146 1285 1820 1733 1279 1567 1854 1761 1545 1461 1386 1201 1071 834 647 728 1035 940 893 699 687 986 607 448 477 455 390
 2420 2580 2868 3228 3154 2824 2786 3176 3197 3427 3947 3474 3328 2538 1749 1428 1522 1484 1723 1789 1931 1459 1182 1429 2176 2851 2838 2817 2605 2420 2769 3280 3574 3627 3652 3557 3352 3241 3418 3379 3143 3063 2713 2653 2238 2133 1961 2283 2366 2331 2572 2531 2514 2272 1875 1927 1404 1808 1728 1157 981 1466 1987 1994 1619 1927 1784 1713 1626 1371 1378 1269 1046 766 549 586 753 824 745 638 535 677 475 403 401 407 385
 2536 2646 2863 3134 3504 3005 3187 3471 3337 3708 3696 2889 2979 2422 1697 1651 2220 2325 2159 2432 1910 1477 1417 1198 1737 1949 1822 1923 2261 2405 2812 3390 3815 3831 3786 3643 3558 3444 3446 3519 3457 3358 2738 2297 2190 2263 2381 2516 2865 2848 2846 2220 1781 1585 1457 1410 1774 1796 1399 1154 990 1380 1645 1946 2043 2095 1925 1734 1503 1302 1245 1284 1107 887 558 522 527 543 705 654 467 611 537 477 371 401 393
 2519 2643 2883 3118 3540 3261 3704 3997 3881 3824 3498 2564 2370 2271 1631 2028 2572 2850 2921 3107 2389 1629 1452 1309 1351 1617 1964 2346 2878 3082 2864 3221 3707 3714 3854 3774 3662 3466 3540 3598 3554 3055 2722 2511 2534 2649 2919 2862 3046 2588 2457 1957 1484 1686 2027 1928 2130 1977 1554 1499 1031 981 1246 1833 1880 1764 1745 1766 1527 1520 1315 1234 963 828 627 489 450 447 556 485 514 809 777 451 430 538 477
 2659 2731 2868 3058 3459 3789 4034 4145 4196 4028 3757 2857 2621 1976 1632 2161 2631 3010 3358 3256 2480 1887 1691 1732 1296 1912 2486 2857 3329 3693 3700 3720 3866 3900 3828 3591 3514 3646 3715 3559 3363 3296 3251 2761 3001 3276 2910 2466 2516 2414 1750 1625 1886 2133 2354 2038 1505 1605 1193 1289 1104 1021 1403 1502 1791 1910 1806 1576 1505 1314 1292 1275 1006 924 894 686 480 440 390 543 657 754 909 599 473 669 552
 2509 2652 2732 2877 3233 3618 3796 3972 4107 3948 3878 3225 2693 2015 1714 2443 2712 3037 3403 3363 2842 2492 1878 1614 1335 1698 2246 2708 2619 3211 3998 4057 3969 3797 3851 4005 3986 3628 3496 3554 3489 3523 3581 3206 3315 3341 2898 2250 1993 1773 1877 2106 2346 2417 2269 1879 1492 1184 1455 1232 1430 1307 962 1313 1822 1801 1813 1650 1742 1425 1234 1109 1060 1290 1002 814 592 452 431 475 640 645 863 783 483 685 674
 2331 2473 2628 2750 2979 3422 3879 4130 4069 3964 3393 2739 2617 2237 1765 2178 2759 3152 3480 3597 3367 2603 1887 1404 1228 1396 1775 1979 2357 2651 3506 3724 3612 3800 3705 3656 3774 3894 3688 3375 3184 3253 3563 3592 2810 2737 2612 2298 1782 1867 2407 2799 2821 2278 1837 1528 1299 1620 1750 1313 1930 1707 1400 1007 1580 1817 1860 1754 1606 1552 1540 1258 1452 1265 1052 903 699 503 419 411 586 863 911 933 591 448 493
 2325 2483 2595 2655 2870 3328 3802 4102 4000 3998 3612 3739 3426 2543 1848 2156 2887 3049 3400 3666 3601 2760 2151 1542 1209 1332 1904 2065 2009 2362 2909 2904 3775 3855 3896 3829 3991 3874 3630 3458 3061 2837 3117 3038 2500 2149 1996 1920 2226 2374 2241 2566 2434 2217 1787 1424 1739 1931 1682 1544 1840 2284 1900 1138 1502 1912 2067 2068 1699 1634 1617 1310 1536 1212 1267 1022 677 505 446 424 662 717 860 961 716 541 542
 2336 2479 2622 2631 2848 3366 3603 3771 3881 3993 3938 3929 3507 2819 2072 1954 2294 2891 3353 3663 3889 3208 2584 2048 1457 1219 1749 2393 2684 2199 2592 3433 3868 3964 3911 3860 3674 3540 3475 3587 2983 2712 2797 2444 2354 2428 2542 2187 2527 3057 2676 2489 1956 1790 1694 1607 1955 2335 1907 2071 1775 2246 1477 1083 1300 1746 2267 2272 1843 1650 1438 1495 1434 1259 1241 1071 773 546 470 390 420 516 673 905 980 669 606
 2413 2640 2797 2756 2855 3135 3691 3754 3793 3938 3963 3594 2978 2754 2709 2216 2184 2618 3162 3858 3960 3338 2581 2000 1623 1260 1703 2451 2680 2720 2562 2980 3572 3895 3995 3757 3592 3624 3497 3378 3020 2648 2548 2442 2949 3380 2843 2329 2424 3097 2562 2100 2160 1987 2118 2092 1942 2504 2272 2373 2185 2367 1631 1131 1509 1831 2236 2180 2072 1825 1619 1564 1753 1549 1335 1005 849 677 453 368 457 519 648 713 1032 775 663
 2319 2581 2756 2872 3006 3213 3619 4031 4064 3944 3929 3500 3687 3454 2942 2110 2306 2943 3309 3731 3763 3411 2879 2506 1896 1339 1538 2095 2385 2692 3151 3294 3227 3826 3862 3851 3775 3703 3493 3135 3064 3060 2867 2647 3139 3658 3242 3062 2957 3159 2633 2668 2453 2225 2492 2361 2269 2929 2751 2068 1787 1822 1290 1263 2034 2270 2095 1951 1867 1788 1715 1657 1869 1702 1202 1122 942 764 480 370 425 453 482 615 965 1008 821
 2417 2325 2569 2756 2954 3141 3508 3887 4072 4093 3997 3994 3959 3485 2463 2061 2391 2675 3108 3575 3286 3279 2962 2258 1808 1328 1425 1953 2026 2335 3000 3633 3737 3522 3878 4031 3979 3790 3910 3500 3449 3390 3100 2940 3000 3627 3594 3516 3772 3626 3433 3426 3162 2866 2901 2874 2505 2881 3005 2299 1670 1377 1245 1450 1887 2410 2158 2010 1930 2071 1921 1916 1964 1564 1278 1293 1088 856 538 383 401 495 545 598 662 862 798
 2864 2384 2440 2633 2874 3103 3394 3610 3983 4111 4100 4048 4007 3380 2334 2403 2737 2885 3312 3791 3227 2716 2886 2700 2036 1484 1283 1847 2457 2653 2625 3200 4012 3899 3732 3806 3747 3858 3786 3568 3752 3426 3385 3380 3157 3533 3563 3680 3789 3698 3419 3456 2957 2575 2602 2608 2327 2114 2241 2206 1869 1346 1497 2060 2102 2350 2286 2161 1970 2252 1976 1705 1642 1632 1536 1419 1156 848 748 462 397 486 555 702 774 945 881
 3015 2486 2477 2793 2974 3070 3208 3388 3744 4005 4006 3840 3648 3249 2197 2473 3151 3373 3610 3777 3233 2801 2335 2360 1902 1700 1264 1530 1957 2136 2377 3323 3952 4074 3922 4078 4078 3926 3694 3804 3612 3492 3706 3519 3663 3667 3546 3621 3451 3545 3019 2968 2598 2182 2271 2060 2195 1965 1466 1433 1338 1338 1434 1850 2409 2148 1908 1699 1632 1964 1984 1606 1441 1379 1397 1137 937 1153 889 613 463 492 522 567 753 948 940
 2760 2455 2711 3006 3046 3198 3180 3265 3500 3793 3774 3614 3046 2757 2242 2614 2991 3710 3940 3936 3435 2829 2532 2214 2401 2020 1328 1577 1887 2344 2579 3385 3634 3896 3988 3950 3967 4024 3888 3946 3822 3718 3712 3529 3454 3740 3448 3339 3394 2846 2593 2420 2219 1792 1853 1871 1709 1595 1702 1444 1628 1511 1794 2115 2278 2033 1883 1684 1582 1619 2072 1976 1538 1219 1121 1154 1286 1063 849 611 491 512 463 477 562 711 935
 2659 2663 2613 2826 2959 3060 3230 3345 3289 3526 3547 3409 3115 2340 2798 2817 3150 3541 3953 3797 3699 3233 2942 2768 2634 2056 1367 1841 2150 2792 3043 2804 2976 3509 4048 4067 4041 3860 3914 3749 3754 3870 3669 3374 3054 3277 3284 2874 3108 2885 2240 2088 1993 2130 2455 2728 2064 2281 1842 1773 2359 2030 1554 2081 2327 2054 1857 1761 1674 1440 1722 1972 1672 1337 1304 1351 1346 1157 951 670 512 577 525 486 520 744 885
 3221 3046 2734 2803 3015 3119 3198 3396 3236 3257 3256 3012 2939 2501 3141 3603 3628 3579 3783 3817 3373 3583 3431 3147 2670 2211 1708 1459 1657 2173 2354 2617 2988 3272 3979 4008 3889 3803 3677 3666 3509 3459 3405 3244 3035 2925 2767 2676 2522 2438 2470 2511 2278 2511 2531 2975 2551 2330 1628 1917 2586 2188 1694 2089 2511 2221 1770 1683 1460 1319 1346 1584 1736 1515 1444 1429 1416 901 614 536 456 510 560 571 542 542 665
 3055 3348 3058 2952 3038 3055 3181 3268 3142 2988 2927 2719 2524 3178 3399 3535 3807 3680 3612 3797 3377 2997 2893 2541 2371 1877 1485 1668 2241 2193 2507 3086 3762 3702 3941 3975 4070 3921 3783 3844 3711 3705 3870 3736 3543 3485 3162 2550 2539 2542 3014 2878 2842 2736 2899 3365 3050 2546 1914 1739 2276 2358 1983 1953 2420 2465 2042 2062 1790 1640 1217 1188 1277 1341 1469 1375 1071 741 519 604 463 569 506 748 629 613 811
 3074 3014 3180 3128 3127 3108 3179 3204 3304 3227 2803 2495 2584 3239 3538 3754 3750 3680 3598 3707 3846 3295 2524 2254 1964 2185 1844 1346 1994 2599 3155 3624 3978 4188 4327 4118 4070 4037 3888 3940 3896 3751 3856 3568 3553 3365 2748 2886 3041 2930 3038 3323 3451 3202 3027 2910 2653 1993 1721 2179 2604 2578 2277 2015 2423 2199 2100 1866 1928 1761 1592 1275 1019 943 1225 1268 739 624 756 678 543 463 466 628 570 656 985
 3297 3170 3192 3207 3203 3159 3187 3348 3355 3426 3251 2751 2479 2842 3202 3598 3745 3605 3662 3713 3948 3375 3032 2722 2528 2282 1943 1402 1475 2158 2628 2857 3655 3923 4017 4183 4037 4041 3970 3950 3847 3685 3717 3689 3406 2944 2891 3371 3446 3444 3398 3277 3073 3043 2559 2606 2357 1987 1823 2310 2976 2781 2299 2570 2472 1942 1895 1974 1594 1488 1564 1590 1343 1080 823 793 701 904 841 855 699 563 527 490 535 635 839
 3245 3184 3276 3385 3421 3314 3397 3354 3391 3416 3210 3045 2622 2617 2743 3084 3667 3897 3836 3774 3872 3807 3408 3116 3149 2699 2096 1592 1350 1763 2173 2638 2905 3130 3785 4203 3933 3925 4055 3896 3951 3769 3516 3626 3278 3265 3236 3311 3622 3536 3503 3197 2733 2591 2441 2176 1966 1893 2513 2281 2777 3004 2468 2420 2241 1973 1708 1664 1652 1424 1183 1467 1460 1269 1138 834 938 1028 935 1002 886 755 457 493 527 601 753
 3253 3487 3799 3777 3593 3481 3588 3549 3455 3306 3220 2834 2703 3034 2869 2860 3176 3700 3937 3804 3891 3922 3872 3827 3351 2702 2470 2076 1480 1761 1929 2206 2512 3024 3771 3567 3679 3937 4059 3856 3966 3803 3793 3640 3654 3777 3594 3446 3624 3488 3266 2959 2578 2365 2421 2509 1844 1971 2571 2941 3066 3074 2718 2311 2237 1973 1824 1938 1877 1640 1274 1033 1125 1365 1129 1000 1112 1059 1188 1122 1003 813 588 487 559 718 1094
 3377 3785 4093 3979 3781 3684 3685 3586 3444 3320 3074 2747 2994 3260 3292 3027 3007 3308 3900 3957 3898 3961 3809 3639 3580 3134 3067 2526 1768 1781 2269 2673 2779 2997 3240 2966 3302 3497 3537 3920 3969 3943 3913 3672 3733 3841 3594 3711 3721 3537 3162 2760 2530 2328 2144 2304 1932 2110 2165 2703 3177 3374 2841 2476 2458 2180 2086 2223 1975 1717 1347 1013 900 1065 1220 1181 1271 1262 1209 924 910 692 620 496 577 740 1082
 3450 3809 3941 4046 3906 3940 3868 3630 3563 3165 2868 2835 3304 3429 3483 3422 3235 3323 3641 3944 4008 3998 3974 3187 2930 3008 2777 2180 1516 1700 1900 2186 2220 2414 2772 2579 2704 3229 3897 4104 4037 3990 3840 3856 3811 3874 3638 3786 3637 3637 3426 3352 3152 2643 2116 2022 2381 2646 2370 2357 2705 3022 2564 2087 1910 1774 1454 1493 1377 1224 1068 1149 1029 821 896 959 1179 1226 1118 858 626 552 491 512 569 661 778
 3417 3637 3897 4098 4237 4009 3920 3630 3299 2997 3126 2859 3219 3588 3632 3787 3637 3581 3813 4059 4118 4099 3937 3037 2439 2484 2569 2100 1531 1994 1794 1744 1880 1986 2181 2441 2954 3525 3861 3901 3929 4020 4009 3993 3889 3978 3787 3591 3537 3479 3527 3352 2809 2287 2255 2182 2295 2615 2644 2714 2562 2464 2355 1869 1764 1764 1883 1530 1327 1492 1255 1502 1314 938 717 739 720 884 904 724 563 664 529 510 541 557 593
 3408 3619 3896 4121 4345 4179 3961 3732 3460 3116 3167 3249 2954 3255 3663 3826 3925 3907 3966 4110 4073 4096 3615 2806 2365 2101 2153 2311 1814 1995 2435 2493 2181 2110 1997 2377 2700 2981 3459 3928 4104 4062 3973 3942 3906 3737 3768 3640 3552 3288 2907 2589 2397 2624 2658 2522 2525 2927 3015 3260 2960 2482 2164 2176 2435 2378 1892 1523 1746 1766 1446 1624 1378 1037 864 986 750 644 607 643 822 658 641 478 529 541 580
 3459 3637 3846 3977 4205 4254 4010 3862 3347 3127 3363 3676 3377 3068 3446 3894 4009 3992 3847 3965 3942 4084 4022 3681 3112 2578 1999 1734 1573 1911 2785 3085 2597 2415 2573 2140 2396 2620 3009 3858 4030 3961 3833 3914 3832 3706 3651 3650 3424 3034 2644 2867 3120 3076 3021 3081 2704 2938 3334 3545 3223 2647 2737 2432 2769 2346 1936 1836 1933 1629 1574 1536 1444 1017 1014 1190 919 738 712 937 1020 772 596 498 497 565 645
 3470 3647 3797 3996 4014 4110 4008 3640 3399 3404 3652 3845 3552 3228 3454 3882 4037 4033 3851 3723 3770 4087 4042 4060 3772 3078 2599 2001 1409 1845 2680 3183 2964 2871 2941 2427 2649 3181 3199 3288 3566 3837 3895 3909 3825 3728 3538 3652 3513 3077 2757 2909 3404 3491 3466 3374 2858 3284 3558 3638 3473 3344 3277 3077 2894 2476 2401 2410 1936 1821 1500 1235 1163 1026 1290 1390 1147 850 734 956 1018 867 612 513 465 518 561
 3540 3630 3796 3944 4014 4103 4053 3841 3614 3500 3837 3893 3510 3269 3678 4000 4094 4054 3879 3577 3727 4014 3968 4061 3958 3411 2890 2009 1570 1799 2294 2673 3189 3444 2946 2560 2453 3154 3873 3698 3758 4010 3962 3888 3740 3644 3372 3222 2970 3067 3419 3272 3402 3601 3665 3503 3220 3354 3729 3781 3717 3549 3399 3345 3124 2617 2309 2348 2358 2027 1475 1384 1315 1216 1226 1256 1039 838 1016 1215 1099 899 733 579 503 471 524
 3658 3805 3838 4042 4064 4108 4092 3947 3694 3673 3959 3965 3612 3464 3553 3919 4129 4098 4030 3760 3457 3538 3450 3555 3578 3387 2770 1948 1874 1972 1894 2266 2651 3373 3290 3016 2660 2886 3742 4203 4181 3957 4088 3937 3766 3697 3570 3387 3162 3445 3663 3624 3665 3884 3786 3565 3638 3666 3826 3700 3578 3471 3270 2869 3005 2883 2506 2034 2271 2502 1836 1709 1734 1404 1118 964 995 1166 1349 1330 1165 1154 947 709 575 466 483
 3772 3849 3938 3945 4008 4050 4019 4059 3980 3881 3960 4075 3876 3854 3613 3864 4146 4015 3709 3527 3125 2851 2640 2563 2650 2574 2234 1746 2324 2596 2231 2222 2390 3141 3633 3541 3086 2857 3732 4110 4179 4109 4054 3863 3804 3799 3590 3691 3418 3608 3779 3810 3830 3912 3752 3625 3791 3656 3567 3550 3481 3074 2854 2490 2381 2548 2364 1986 1930 2371 2343 2316 2142 1697 1444 1240 1283 1507 1554 1362 1267 1144 1007 819 654 555 477
 3590 3731 3949 3871 3818 3871 3988 4131 4140 4117 4075 4133 4065 3948 3861 3966 4041 3740 3524 3473 3591 3536 3138 2658 2291 1982 2029 1734 2360 3098 2705 2534 2460 2635 3230 3776 3583 3052 3371 3862 4065 4245 3947 4030 3957 3724 3834 3816 3660 3695 3745 3854 3865 3932 3913 3872 3775 3698 3676 3681 3536 3297 3111 2852 2640 2227 2018 1997 1777 1831 2149 2455 2455 2159 1863 1589 1241 1070 1167 1305 1235 1121 1093 933 764 637 511
 3453 3466 3640 3620 3650 3685 3831 4158 4289 4197 4174 4176 4189 4079 4131 4112 4050 3785 3803 3814 4043 3953 3546 3165 2844 2699 2533 1681 2309 3218 3399 3186 2838 2828 3036 3597 3903 3313 3225 3372 3724 3844 4068 4049 3949 3935 3861 3936 3811 3759 3817 3726 3710 3641 3673 3743 3763 3702 3687 3598 3669 3593 3423 3443 3076 2560 2628 2219 2272 1867 1719 1774 2341 2493 2197 2036 1801 1248 860 930 1066 891 872 765 644 540 533
 3533 3392 3421 3338 3510 3541 3779 4121 4297 4325 4279 4228 4227 4184 4214 4225 4041 4040 4044 4107 4041 4105 4051 3652 3231 3029 2427 1777 2506 2937 3228 3434 3256 3317 3388 3661 3943 3794 3611 3852 3701 4076 4237 4122 4084 4084 4056 4024 3897 3895 3826 3701 3483 3358 3451 3632 3743 3588 3482 3225 3447 3556 3608 3679 3467 3277 3043 2490 2757 2557 2020 1493 1706 1949 1900 1784 1759 1636 1132 736 694 661 611 586 572 594 640
 3532 3294 3275 3204 3455 3510 3686 4101 4369 4234 4240 4267 4241 4253 4201 4195 4195 4215 4231 4210 4176 4146 4004 3368 2752 2475 2325 1825 1803 2183 2511 2985 3440 3679 3738 3996 4052 4101 3872 4064 4139 4257 4276 4173 4214 4051 4072 3926 3998 3895 3600 3690 3558 3095 2822 3127 3291 3420 3221 2735 3081 3123 2982 3182 3496 3389 2960 2794 2652 2325 1949 1654 1413 1337 1316 1228 1206 1086 950 947 817 653 647 763 677 644 725
 3470 3243 3131 3133 3452 3317 3428 3803 3981 4097 4207 4256 4152 4215 4204 4277 4253 4176 4285 4262 4168 4210 4061 3667 3295 3444 2881 2275 2001 1889 2640 3366 3625 3378 3540 3911 4131 4213 4176 4153 4192 4136 4252 4102 4075 4249 4242 3968 3867 3770 3699 3530 3493 3446 2969 2513 2688 2821 2637 2479 2702 2562 2563 2985 3435 3002 2987 2669 2381 2325 2094 2185 2050 1721 1686 1422 1183 1034 881 922 722 714 839 797 690 751 679
 3468 3177 3034 3089 3409 3471 3239 3402 3953 4156 3973 4042 4030 4149 4196 4286 4037 4151 4164 4038 4152 4197 4165 4031 3844 3294 2677 2366 1811 2163 3039 3322 3580 3102 3345 3549 3821 4099 4258 4065 4107 4071 3854 3923 3671 3971 4012 3761 3759 3814 3671 3422 3438 3388 3399 2645 2233 2327 2397 2223 2531 2184 2307 2680 3058 2696 2391 2492 2049 1900 2082 1825 1775 1863 1469 1278 976 836 785 898 903 1079 1014 878 742 683 601
 3373 3198 3024 3181 3304 3372 3143 3325 3707 3755 3641 3673 3919 4026 4258 3984 3910 3991 4128 4135 4346 4257 4297 4247 4060 3312 3011 2238 1800 2194 2738 2835 3339 2926 2959 3166 3551 3895 4223 4082 3967 3765 3680 3265 3164 3339 3604 3888 3913 3687 3600 3391 3106 2923 3161 3078 2586 2029 2139 2055 2228 1979 2223 2770 2693 2374 2157 2646 2156 1636 1563 1600 1250 1171 985 948 1044 1054 1141 1155 1276 1285 1290 1028 812 680 613
 3511 3272 2972 2872 2974 2899 3081 3275 3542 3509 3405 3458 3792 3849 3903 3973 4223 4292 4329 4184 4393 4328 4285 4169 4053 3608 3249 2846 2072 1787 1897 2583 2660 2744 2887 3113 3527 3879 4127 4283 3846 3794 3417 3020 3025 3566 4055 3987 3860 3783 3558 3524 3411 3019 2706 2440 2438 2111 1849 1805 1733 1705 1990 2237 2313 2180 1879 2376 1982 1833 1364 1076 1071 1203 1294 1369 1450 1192 1353 1592 1730 1574 1389 949 757 750 601
 3439 3313 3135 2818 2737 2807 3073 3273 3462 3465 3197 3375 3732 3479 4130 4211 4368 4390 4377 4312 4409 4190 4085 4010 3900 3809 3114 2495 2499 2125 1995 2187 2660 3223 3368 3451 3684 3968 4231 4250 3890 3388 3716 3181 2756 3218 3468 3722 3889 3839 3689 3651 3487 3238 2858 2609 2498 2469 2012 1914 2079 1837 1626 1681 1835 2048 1650 1888 1701 1457 1169 1562 1242 1411 1691 1894 1406 1664 1880 1844 1787 1515 1267 949 822 693 571
 3411 3331 3166 2925 2675 2843 3122 3085 3181 3082 2883 3277 3220 3213 3757 3982 4174 4191 4253 4392 4554 4299 4225 4208 4113 3790 3048 2686 3278 2573 1862 1762 2138 2864 3200 3517 3810 4002 4284 4221 3799 3091 3598 3457 2692 2846 3395 3859 3954 3833 3739 3610 3432 3183 3245 3348 3375 2720 2145 2399 2431 2341 2029 1574 1458 1529 1383 1319 1283 1269 1522 1642 1521 1444 1946 2027 1634 1952 2227 1895 1743 1430 1061 899 1052 792 626
 2994 3410 3280 3239 3094 2855 2682 2766 2959 2890 2653 2748 2888 3338 3805 4105 4180 4302 4150 4174 4430 4572 4122 4019 3769 3369 2882 2997 3842 3168 2724 2587 1915 2204 2815 3376 3616 3606 3778 3929 3470 2743 3077 2912 2666 2498 2771 3285 3892 3626 3766 3746 3534 3615 3614 3483 3146 2458 2515 2768 2609 2368 1796 1959 1833 1826 1788 1389 1515 1818 2076 2113 1749 1457 2156 2322 2113 2095 2279 1705 1421 1271 1146 1123 1100 1101 844
 2885 3343 3195 3027 3015 3141 2999 2456 2439 2411 2459 2893 3211 3418 4043 4382 4419 4430 4440 4502 4519 4617 4188 4092 3805 3179 3581 3788 4028 3460 2926 2418 1782 2106 3090 3727 3506 3226 3255 3277 2926 2450 2412 2449 2702 3182 2668 3153 3255 3731 3867 3835 3741 3789 3627 3315 2739 2686 3141 2971 2283 2010 1809 1900 2275 2139 2015 1402 1788 2084 2315 2493 1875 1600 2022 2451 2630 2509 2159 1933 1344 1193 1609 1420 1152 1160 969
 2941 3449 3120 2821 2569 2376 2298 2209 2374 2783 2791 3078 3638 3582 3977 4113 4296 4331 4417 4289 4389 4240 4214 3955 3650 3742 4075 4155 4108 3543 2986 2177 2044 2841 2966 3575 3412 2929 2749 2809 2493 2249 2545 2699 3133 3495 2930 2749 3451 3922 4070 3834 3793 3677 3433 3209 3210 3381 3384 2913 2333 2167 2417 2225 2308 2481 1890 1479 1838 2307 2898 2818 2273 1923 2203 2654 2845 2524 1931 1659 1485 1401 1619 1649 1464 1247 1134
 2959 3158 2813 2689 2073 2188 2478 2659 2855 3365 3286 2809 2998 3109 3662 4085 4008 4247 4186 4245 4166 4199 4454 4085 4013 4133 4137 4063 4073 3586 2863 2112 1880 1926 2244 2876 2953 2451 2313 2232 2192 2385 2888 3162 3032 3559 3354 2897 2917 3138 3474 3817 3786 3681 3694 3473 3571 3780 3300 2600 2485 2582 2639 2888 2494 2295 1882 1614 1816 2162 2719 3243 2906 2394 2686 2983 2510 2234 1994 1924 1709 1865 1889 1943 1751 1278 1178
 2641 2483 2421 2264 1986 2496 2959 3177 3344 3756 3604 3354 3436 3056 3705 3695 3656 3776 3993 3970 4156 4140 4546 4327 4150 4031 3981 3719 3627 3479 3028 2536 2045 2448 1942 2352 2287 1947 1990 2184 2735 3400 3325 3773 3384 3584 3612 3215 2958 3312 3285 3622 3939 3891 3711 3714 3706 3658 3053 2844 3163 3304 2878 3073 2398 2137 1971 1810 1992 2358 2905 3478 3178 3047 3385 3207 2643 2552 2647 2166 1918 2126 2018 1844 1477 1108 1196
 2438 2078 1968 1980 2271 2548 2959 3487 3926 4313 4239 3914 3507 3494 3290 3333 3643 3868 4180 4293 4364 4359 4378 4453 4077 3831 3561 3303 2870 2664 2441 2328 2557 2880 2004 2040 1827 2423 2670 2975 3618 3703 3761 4065 3839 3812 3895 3446 3098 3410 3868 3547 3845 3930 3793 3732 3574 3365 3190 3548 3578 3715 3533 3352 2777 2392 2083 1995 2498 2437 2980 3509 3690 3513 3338 3392 3231 2858 2831 2579 2362 2262 1729 1400 1201 988 942
 2055 1759 2034 2478 2872 3045 3206 3675 4052 4273 4240 4165 4018 4033 3753 3422 3665 3943 4210 4187 4335 4523 4223 4088 4011 3758 3610 3402 3365 3292 3345 3220 3327 3135 2616 2425 1923 1891 2451 3033 3364 3579 3773 3958 3797 3961 4039 3743 3441 3335 3609 3489 3923 3892 3892 3790 3701 3479 3537 3761 3766 3663 3546 3415 3098 2371 1995 2243 2787 3207 3402 3518 3549 3281 2887 3084 2999 2684 2361 2694 2215 2279 1987 1658 1489 1224 915
 1780 1831 2201 2283 2557 3062 3258 3434 3639 3990 3983 4277 4303 4265 4204 3806 3659 4083 4305 4414 4376 4478 4307 4274 4234 4262 4082 3833 3846 4038 4005 3749 3607 3640 3158 2667 2030 1702 2143 2556 3063 3452 3323 3484 3633 3992 4098 4036 3775 3577 3585 3443 3641 3883 3946 3929 3727 3699 3755 3632 3622 3418 3153 2875 2881 2510 2093 2520 2985 3664 3702 3674 3533 3255 2558 2355 2346 2352 2027 2254 1887 1901 1569 1407 1356 1037 981
 2142 2368 2094 2225 2307 2644 2775 2925 3181 3520 3923 4180 4454 4341 4227 4118 3818 4029 4242 4257 4294 4286 4294 4243 4357 4222 4226 4115 4164 3956 3673 3446 3330 3416 2956 2466 2005 1667 1877 2365 2743 2691 2937 3440 3741 3857 3895 3888 4087 3993 3819 3661 3520 3730 4022 4002 3864 3863 3708 3718 3468 3186 3196 2841 2499 2422 2342 2405 2969 3620 3633 3612 3529 3121 2746 2504 2017 1842 1735 1648 1433 1517 1442 1125 963 1048 1213
 1929 2715 2504 2656 2707 2951 3217 3147 3170 3441 3808 4124 4272 4500 4351 4210 3948 3959 4004 4242 4287 4248 4042 4362 4227 4120 4225 4151 4007 3881 3212 2983 2939 2580 2506 2114 1823 1809 1694 1959 2190 2623 3020 3189 3368 3360 3241 3628 3911 4136 4104 3954 3963 3666 3711 3977 3979 3936 3889 3776 3514 3604 3243 2922 3177 3147 2861 2542 2724 3320 3567 3588 3407 2967 2514 2256 1960 1770 1730 1568 1470 1265 1340 1110 1227 1355 1405
 1961 2582 2679 2886 3244 3416 3707 3456 3417 3610 4079 4331 4467 4426 4377 4260 4103 4224 4287 4156 4226 4288 4153 4017 4191 4191 3869 3923 3680 3598 3035 2525 2444 2179 2030 1907 1984 1947 1764 1751 1876 2301 2638 2639 2809 2733 2894 3185 3741 4142 4177 4148 4134 4000 3719 3771 3957 4009 3849 3751 3818 3590 3456 3578 3622 3470 2816 3133 2989 3375 3732 3745 3698 3445 3040 2531 2420 2090 2272 2003 1732 1611 1091 1245 1582 1387 1379
 2135 2376 2340 2923 3322 3449 3749 3707 3696 3853 4062 4272 4378 4508 4521 4337 4280 4357 4381 4347 4346 4326 4305 4132 3856 3833 3732 3693 3245 3017 3114 3209 2748 2349 2737 2405 2335 2104 1915 1744 1739 1934 2278 2296 2468 2924 3387 3243 3536 4124 4201 4262 4154 4070 4021 3724 3912 4010 3946 3902 3882 3647 3810 3850 3730 3430 3182 3373 3492 3501 3670 3675 3631 3587 3371 3074 3030 2784 2699 2578 2306 1825 1178 1489 2016 1757 1663
 1914 1849 2047 2578 2944 3118 3535 3846 3771 3766 4099 4362 4286 4351 4649 4540 4351 4440 4430 4396 4325 4215 4274 4247 4193 3946 3967 4039 3999 4061 4003 3809 2662 2726 3307 3323 2788 2699 2655 1956 2049 1882 1949 2050 2502 3203 3538 3692 3562 3959 4168 4193 4108 4147 4098 3925 3922 4131 4040 3900 3769 3941 3931 3803 3761 3594 3741 3647 3664 3510 3280 3490 3542 3598 3457 3289 3517 3506 3180 2433 1956 1562 1231 1653 2219 1926 1625
 2556 2329 2329 2239 2610 2912 3253 3391 3676 4086 4050 4322 4491 4515 4719 4673 4432 4377 4389 4315 4341 4232 4090 4076 4225 4177 4000 3751 3732 3896 3221 2823 2548 2903 3403 3844 3330 2912 2612 2312 1912 2419 2246 2206 2273 2791 3496 3820 3951 3926 3883 3792 3932 4120 4216 4103 3923 3970 4156 3975 3863 3893 3988 3870 3775 3842 3729 3763 3707 3582 3201 2984 3283 3223 2844 2745 3011 2933 2790 2420 1988 1405 1382 1816 2334 2518 2047
 2652 2888 2792 2297 2444 2787 3189 3902 4272 4343 4299 4449 4569 4567 4482 4529 4607 4238 4282 4235 4270 4261 4211 3994 3863 3928 4046 3517 3383 3329 3425 3368 3243 3185 3384 3966 3776 3179 2571 2265 2061 2786 2820 2694 2541 2598 3154 3654 3767 3479 3387 3309 4028 4265 4100 4183 4125 4098 4007 3992 4021 4025 3955 3968 3856 3778 3668 3598 3619 3562 3435 2864 2689 2997 2800 2372 2621 2211 2163 1960 1687 1395 1706 1739 2316 2495 1990
 2608 3064 2811 2588 2731 3313 3765 4186 4403 4393 4374 4395 4501 4628 4478 4318 4553 4358 4204 4114 4283 4266 4164 4190 4031 3751 3627 3710 3964 3973 3805 4029 4050 3974 3891 4040 3855 3416 2651 2759 2127 1999 2623 3275 3333 2928 2999 3503 3656 3121 3078 3134 3749 3980 4032 4271 4184 4214 4070 4079 4092 3988 3862 3913 3817 3823 3699 3548 3308 3274 3113 3004 2596 2504 2591 2191 2084 1945 1753 1612 1526 1770 2061 1957 2425 2262 1964
 2640 3180 2978 2986 3045 3791 4237 4361 4433 4415 4424 4433 4500 4524 4470 4181 4570 4577 4176 4034 4252 4219 4118 3993 4124 4049 3984 4046 4100 4149 4166 4054 4129 4122 4168 4066 4057 3567 3279 3398 2944 2397 2010 3044 3689 3501 3308 3522 3572 2920 2764 2990 3101 3653 4114 4181 4224 4138 4157 4136 4084 3991 3900 3743 3695 3705 3751 3682 3487 3026 2829 2583 2515 2445 2326 2360 2041 2205 2170 1925 1889 1960 2392 2593 2427 2141 2006
 2367 2782 3013 3262 3329 3541 3983 4264 4339 4383 4388 4383 4130 4354 4341 4207 4242 4593 4133 3876 4099 4172 4125 3914 3711 3799 4018 3868 3849 4139 4109 4212 4167 4168 4194 4244 4221 3929 3859 4039 3781 2884 2060 2761 3469 3638 3589 3722 3354 2881 2385 2632 2851 3294 3537 3954 4089 4225 4202 4034 3894 3950 3936 3849 3696 3500 3592 3454 3220 3093 2768 2745 2956 3184 2923 2538 2418 2508 2525 2184 2586 2128 2474 3128 2841 2712 2229
 1867 2179 2651 2960 3054 3211 4049 4426 4417 4350 4147 4101 3832 4267 4037 3695 4101 4341 3817 3696 4089 4237 4185 4151 3956 3511 3700 3556 3847 4097 3945 4041 4171 4153 4130 4190 4258 4244 4193 4097 3988 3157 2118 2603 2720 3332 3436 3218 3019 2452 2482 2894 2835 2951 3213 3592 4165 4284 4141 4124 4070 3914 3798 3847 3714 3653 3409 3179 3032 2723 3003 3403 3452 3677 3488 2745 2829 3213 2771 2711 3055 2438 2703 3216 3296 3232 2713
 1804 1917 2374 2746 3124 3485 3868 4261 4336 4305 4085 3774 3629 3861 3547 3271 3408 3637 3559 3768 4217 4235 4098 4169 4074 3866 3416 3329 3723 4024 3754 3685 3942 4156 3962 3896 4165 4165 4016 3559 3319 3514 2715 2188 2056 2722 3229 2985 2632 2215 2785 3194 3318 3292 3167 3656 4031 3980 4170 4008 3922 3937 3685 3856 3605 3368 3161 2946 2930 3153 3233 3466 3590 3553 3142 2920 3079 3633 3371 3280 3464 3441 3519 3287 2972 2892 3016
 2160 2171 2317 2930 3280 3817 4238 4381 4154 3974 4037 3654 3613 3349 3096 2996 3492 3847 4033 3995 4154 4057 4132 4168 4133 3803 3430 3159 3593 3709 3777 3549 3459 3730 3906 3734 3656 3893 3892 3401 2769 3038 2722 2228 2222 2013 2617 2333 2056 2098 2710 2750 2518 2476 2951 3313 3358 3513 3827 3953 4055 3923 3750 3576 3424 3355 3393 3331 3487 3515 3630 3635 3399 3215 3125 3409 3550 3740 3741 3662 3638 3655 3756 3399 2728 2326 2221
 2666 2570 2519 2748 3330 4103 4377 4275 3872 3596 3723 3553 3610 3376 3100 2808 3318 3818 4087 4015 3858 3949 4153 4181 4035 3883 3442 3015 3396 3337 3686 3741 3329 3162 3494 3762 3474 3344 3407 3354 2447 2198 2084 2522 3083 2412 2043 2127 2377 2270 2230 2312 2276 2312 2543 2969 3650 3924 3723 3714 3959 3994 3950 3855 3634 3910 3771 3602 3668 3719 3730 3557 3656 3572 3401 3579 3534 3614 3690 3712 3732 3688 3741 3509 3017 2561 2411
 2846 2917 2869 3049 3364 3723 4193 4178 3634 3432 3501 3439 3407 3578 3156 2829 3548 3529 3488 3624 3689 4102 4145 4238 4149 3729 3477 3135 2900 3132 3427 3616 3538 3079 2848 3365 3400 3009 2926 2856 2296 2503 2917 3011 3514 3098 2766 2120 2702 3106 3045 2966 2914 2730 2492 2756 3153 3648 4128 4132 4020 3946 3910 3926 3833 3856 3863 3759 3808 3830 3753 3776 3726 3728 3614 3632 3381 3141 3425 3572 3668 3461 3660 3581 3115 3174 3011
 2979 3255 3158 3079 2953 3159 3540 3890 3897 3241 2975 2999 3228 3518 3252 2755 3225 3219 3336 3393 3556 3708 3881 4054 4103 4099 3920 3357 3130 2809 3024 3259 3508 3067 2657 2594 2776 2580 2456 2295 2430 3172 3680 3567 3643 3697 3089 2413 2132 2833 3595 3733 3394 3348 2930 2699 2747 3338 3739 4020 4095 4064 4028 3864 3733 3756 3754 3769 3797 3810 3837 3841 3845 3762 3694 3573 3441 2948 2949 3325 3398 2955 3406 3238 2840 2594 2734
 3189 3562 3242 2769 2505 2756 3018 3677 4122 3482 2671 2590 2978 3102 2742 2617 2752 2967 3070 3259 3606 3858 4089 4220 4172 4112 3960 3800 3642 3064 2647 2767 3045 2912 2395 2372 2472 2453 2364 2500 2401 2785 3195 3473 3749 3630 3213 3033 2232 2453 3317 3983 3828 3836 3602 3198 2921 3007 3545 4034 3873 4019 3980 3902 3856 3622 3606 3675 3658 3740 3733 3679 3752 3745 3688 3639 3385 3025 2569 2853 2890 2668 2872 2757 2416 2169 2370
 3344 3210 3140 2849 2326 2337 2816 3426 3408 3226 2673 2283 2614 2448 2376 2705 3195 3626 3796 3703 3519 3550 3788 4118 4205 4093 3763 3461 3292 3081 3091 2612 2603 2496 2679 2774 3119 2969 2755 3260 2866 2694 2910 3170 3534 3716 3056 2806 2544 2361 3073 3567 3345 3872 4180 3870 3328 2996 3469 3655 3655 4031 3831 3899 3715 3730 3534 3649 3503 3525 3472 3163 3407 3643 3549 3612 3294 3047 2465 2512 2959 2348 2464 2331 2210 1903 1703
 2636 2969 2560 2600 2055 2561 3230 3138 2753 2494 2293 1975 2060 2054 2694 3395 3832 4150 4442 4397 4126 3809 3984 4052 4125 4068 3989 3653 3504 3593 3087 2682 3099 2873 3060 3344 3456 2907 2804 3433 3245 3259 3447 3557 3474 3673 3143 2403 2186 2474 2483 2856 3228 3669 4123 4187 3758 3225 3234 3508 3666 3754 3918 3909 3760 3555 3309 3515 3588 3198 2940 2820 2849 3210 3383 3225 3015 2918 2550 2173 2349 2337 1883 1787 1757 1709 2023
 1988 2505 2113 2039 1971 2841 3329 3287 2934 2360 1876 1697 1731 2433 3091 3884 4298 4447 4688 4655 4457 3980 4219 4138 4102 3901 3723 3825 3688 3370 3049 2783 3365 3268 3249 3650 3772 3123 3088 3543 3814 3744 3800 3867 3528 3312 3328 2879 2105 2161 2524 2982 3636 3857 4103 4194 4106 3843 3721 3488 3642 3729 3935 3809 3779 3680 3382 3097 3457 3275 3019 2628 2545 3063 3085 2860 2688 2533 2427 2164 1992 1826 2149 2262 2441 2632 2479
 1370 1476 1444 1600 1642 2257 2455 3032 3183 2414 1672 1499 1721 2675 3502 4349 4555 4587 4582 4797 4354 4371 4272 4259 4102 3892 3515 3358 3306 3050 2834 2826 3315 3640 3417 3682 3801 3472 3309 3591 3922 3754 3423 3328 3274 2669 2630 2803 2271 2129 2046 2615 3449 4150 4159 4121 4178 4206 4082 3752 3741 3900 3769 3904 3807 3558 3483 2872 2767 2653 2584 2553 2295 2553 2730 2452 2196 2039 2130 2096 1863 2348 2796 3015 2888 2690 2165
 1111 1303 1269 1048 1205 1253 1433 2232 2509 1909 1516 1709 1881 2743 3757 4263 4211 4275 4414 4572 4720 4518 4286 4285 4160 4008 3804 3557 3286 3327 3120 2999 3081 3665 3668 3658 3929 3781 3647 3820 3701 3415 3320 2800 2667 2488 2387 2239 2478 2880 2136 2345 3079 3850 4223 4338 4314 4221 4090 3956 3763 3949 3909 3815 3793 3672 3439 3345 3026 2742 2473 2288 2398 2210 2137 2115 2164 2396 2034 1927 2125 2573 3259 3170 2403 1981 1840
 1935 2375 2175 1597 1416 1606 1482 1317 1413 1408 1834 1927 2173 2824 3474 3683 4257 4570 5003 5175 4813 4347 4243 4210 4127 4184 4026 3969 3859 3441 3301 3415 3140 3432 3784 3850 3927 4034 4003 3800 3400 3108 2959 3162 3459 3215 2957 2859 2800 3109 2667 2047 2589 3217 3945 4250 4250 4179 4264 4142 4025 3909 3930 3773 3680 3583 3524 3453 3452 3151 2756 2467 2984 2969 2791 2794 2813 2577 2056 2271 2501 2851 3137 2680 2152 2193 2147
 2108 2933 2981 2468 2199 2514 2426 1884 1313 1331 1768 2114 2248 2553 3772 4260 4703 4827 4747 4786 4922 4632 4396 4134 4088 4150 4245 4103 3866 3629 3822 3489 3465 3621 3742 3881 4045 3968 3857 3644 3348 3323 3152 3445 3812 3960 3615 3099 2866 2469 2496 2033 2638 3308 3752 4124 3950 3936 4156 4239 4333 4068 4123 3918 4107 3635 3496 3327 3105 2610 2536 2775 3130 3582 3309 2810 2434 2346 2321 2610 2866 2872 2450 2152 2433 2574 2571
 1996 2743 3422 3702 3086 2858 3192 2379 2193 1331 1518 1897 1831 2503 3717 4581 4678 4597 4225 4485 4452 4691 4418 4012 4246 4387 4385 4278 4012 4051 3933 3733 3829 3922 3688 3797 3879 3932 3916 3740 3839 3510 3388 3663 3956 3577 3479 3170 2573 2668 2279 2031 2517 2914 3564 4121 3678 3490 3991 4033 4200 4224 4180 4471 4318 4019 3597 3118 2829 2768 3269 3445 3563 3540 3127 2592 2836 3050 2656 3152 2883 2513 2202 2484 2981 3241 3358
 1832 2504 3241 3774 3748 3484 3490 2914 2443 1664 1269 1496 1652 2059 3130 4149 4163 3826 3965 4057 4545 4400 4396 3899 4418 4381 4406 4206 4196 4150 4078 4071 3998 3843 3658 3784 3592 3790 3919 3995 4004 3865 3699 3904 3952 3483 3003 2945 3042 3363 2889 2170 2070 2614 3484 3461 3224 3375 3567 3728 4051 4206 4242 4145 4031 3842 3709 3350 2887 2857 3417 3612 3411 3062 2846 2966 3405 2978 2956 3427 2990 2447 2392 2697 3170 3541 3772
 1738 2202 2605 3104 3919 4374 3759 3041 2385 1970 1705 1358 1335 1582 2523 3433 3792 3182 3524 3806 4079 4228 3890 3674 4014 4277 4171 4072 4232 4302 4309 4165 4044 3967 3637 3461 3489 3599 3737 4004 4124 4136 4096 4055 3836 3388 3465 3772 3882 3512 3046 2377 2116 2491 2808 2760 3306 3792 4022 4091 4074 4121 4136 4090 3894 3765 3689 3523 3386 3068 3232 3638 3445 3033 2878 3489 3404 2979 3451 3453 2867 2724 2605 2639 2988 3417 3798
 1855 2084 2479 2842 3594 4353 3788 3180 3174 2913 2751 2264 1559 1549 1888 2619 3166 2724 2871 2964 3249 3544 3569 4077 3915 4027 4013 3903 4109 4195 4200 4263 4145 4000 3842 3445 3537 3836 3852 3935 3917 4024 4150 4104 4025 3815 3909 3658 3277 2999 2755 2753 2266 2097 2523 3166 3875 3869 4127 4285 4349 4234 4102 3949 3830 3718 3794 3793 3577 3278 3445 3620 3497 2985 3221 3595 3390 3429 3616 3427 3017 3189 3059 2627 2979 3414 3604
 2118 2239 2356 2628 3113 4086 4283 4127 4051 3663 3085 2205 1715 1515 1945 2298 2871 3523 4033 4398 4301 3873 3985 4229 4730 4575 4307 4265 4194 4055 4207 4237 4123 4134 3856 3493 3328 3565 3580 3687 3627 3747 4021 4207 4222 4242 4157 3734 3715 3652 3391 3094 2474 2115 2353 3071 3795 4154 4151 4329 4291 4207 4146 4000 3857 3881 3845 3777 3573 3375 3504 3650 3543 3148 3454 3669 3650 3532 3753 3653 3350 3478 3353 2866 2964 3108 3572
 2456 2640 2569 3156 3383 4216 4581 4429 3771 3244 2520 2499 2335 1530 1967 1951 2661 3314 3974 4456 4727 4794 4979 4787 4748 4822 4392 4398 4366 4147 4223 4405 4199 3990 3829 3542 3457 3255 3239 3488 3496 3466 3783 4007 4223 4151 4195 3986 3674 3276 2924 2742 2770 2610 2046 2580 3409 3771 3955 4065 4195 4100 4120 4106 4003 3887 3833 3805 3699 3618 3679 3695 3668 3243 3498 3753 3796 3709 3833 3760 3645 3618 3338 3089 3338 3461 3609
 2785 3082 2849 3287 3785 4074 4543 4364 3612 2953 2861 3021 2448 1770 1547 1689 1876 3121 4004 4538 4502 4494 4688 4786 4898 4686 4590 4557 4294 4311 4381 4525 4424 4209 4112 3978 3729 3190 3048 3197 3367 3259 3515 3839 3960 3902 4067 3864 3411 3207 3569 3507 3191 2693 2134 2395 2982 3358 3388 3895 3842 4108 4165 4165 4277 4046 3928 3937 3798 3864 3827 3818 3743 3499 3362 3594 3774 3849 3880 3891 3791 3581 3385 3497 3590 3618 3410
 3295 3477 3194 3460 4126 4612 4754 4606 4027 3356 3407 3066 2776 2486 2083 1963 2135 3255 3782 4071 3877 4164 4332 4322 4356 4739 4827 4696 4311 4556 4927 4629 4186 4102 3942 3825 3430 3564 3352 2964 3101 3259 3468 3534 3510 3593 3916 4059 3907 3653 3955 4061 3644 3072 2550 2075 2411 2785 3306 3485 3861 4305 4372 4342 4273 4114 4081 3967 4040 3989 3999 3968 3819 3777 3653 3702 3813 3910 3917 3900 3740 3722 3561 3703 3569 3544 3177
 4127 4086 3646 3749 4190 4578 4721 4651 4110 3732 3355 3069 2943 2766 2393 2509 2621 2852 3217 3519 4313 4766 5001 4815 4595 4447 4949 5033 4530 4636 5189 5105 4309 3711 3645 3659 3764 3900 3492 3098 2886 3011 3154 3152 3261 3586 3777 3844 4041 4179 4142 4178 3824 3116 2632 2121 2206 2842 3323 3098 3584 3949 4227 4356 4249 4240 4276 4171 4068 4008 4004 3960 3970 3905 3783 3829 3762 3788 3870 3877 3833 3790 3696 3639 3614 3439 3275
 4362 4213 4272 4276 4130 4257 4474 4681 4493 3907 3282 2970 2755 2646 2757 2602 2250 2443 3314 4061 4540 4782 4882 5238 4882 4680 4926 5122 4740 5127 5125 4924 4310 4113 4089 4032 4127 4037 3636 3493 3153 2830 2849 3006 3194 3378 3484 3563 3990 4178 3861 3921 4011 3555 2751 2198 2210 2678 2652 3011 3609 4043 4384 4421 4293 4126 4190 4111 3888 4040 4068 4066 3987 3955 3848 3830 3825 3653 3706 3708 3816 3827 3829 3706 3610 3556 3436
 4269 3805 4123 3785 4040 4522 4599 4807 4663 4272 3832 3489 3040 3078 2661 2293 2107 2449 2996 3986 4471 4648 4743 5071 5139 4850 5143 5222 4708 4950 5374 5177 4883 4533 4271 4255 4137 4070 3991 3970 3635 3186 2800 2823 2925 3087 3278 3561 3627 3957 3725 3309 3635 3453 2849 2290 2018 2332 2791 3313 3639 4088 4162 4360 4341 4200 3786 3941 3810 4248 4227 4217 4193 4133 4020 3911 3695 3568 3358 3478 3684 3779 3772 3813 3539 3487 3408
 3791 3374 3511 3511 4242 4641 4543 4363 4587 4689 4392 3772 3620 3195 2531 2080 2222 2821 3102 3725 4447 4852 4904 5192 5113 5076 4978 5039 4449 4872 4799 4814 4710 4559 4189 4114 4085 3772 3801 3588 3629 3432 2964 2727 2661 2876 3271 3360 3176 3378 3620 3018 3083 3078 2837 2429 2076 2036 2516 2919 3330 3520 3618 4106 3911 4174 3576 3440 3884 4292 4292 4131 4107 4015 3924 3787 3727 3704 3518 3086 3429 3560 3602 3744 3621 3425 3200
 3346 2862 2913 3612 4244 4028 3796 4248 4633 4705 4594 4459 4057 3465 2738 2097 2255 2598 2729 3426 4320 4640 4820 4779 4854 5065 4676 4435 4261 4239 4365 4586 4364 4479 4266 4042 3940 3903 3572 3451 3373 3202 3072 2959 2764 2656 3012 3233 2855 2910 3155 2745 2608 2428 2557 2329 2072 2148 2081 2635 2885 3177 3522 3454 3277 3337 3329 3956 4256 4300 4118 3918 4087 4177 4032 3973 3862 3743 3580 3116 2999 3259 3255 3584 3766 3601 3455
 2944 2570 2953 3584 3526 3177 3740 4043 4366 4703 4447 4136 4022 3311 2809 2199 2292 2419 2612 3076 3876 4491 4562 4506 4609 4295 4123 4293 4592 4659 4882 4670 4376 4465 4488 4183 4201 4143 4038 3882 4001 3903 3648 3482 3245 2942 2661 2873 2634 2708 2565 2352 2512 2568 2425 2174 2170 2300 2114 2248 2770 3150 2884 2737 2986 3216 3722 4206 4135 4258 4014 3642 3827 3956 3935 3957 3701 3653 3563 3490 3020 2802 2798 3296 3661 3614 3442
 2594 2273 2880 2913 2697 3009 3404 4105 4748 4750 4205 3673 3834 3413 2868 2344 2258 2775 2752 2892 3496 3907 3933 4094 4228 4495 4971 5110 5143 5005 4884 4337 4028 4415 4349 4117 4146 4142 4047 4038 3827 3901 4136 3673 3039 2742 2561 2542 2413 2522 2459 2804 3399 3680 3125 2398 2570 2297 2317 2058 2296 2549 2489 2958 3570 3895 3991 3774 3625 3726 3506 3848 4118 4047 4000 3834 3863 3776 3614 3324 3269 2802 2606 2706 3267 3542 3413
 2494 2097 2452 2364 2616 2946 3707 4497 4785 4720 4310 3521 3191 3127 2690 2336 2291 2825 3055 3122 3418 4112 4632 4855 5032 5249 5308 4912 4958 5016 4555 4368 4304 4082 4408 4001 3848 3786 3493 3580 3371 3646 3883 3645 2835 2599 2897 3166 2796 2786 3205 2826 3258 3922 3308 2612 2940 2961 2527 2255 2121 2297 2680 3161 3336 3538 3313 3076 3243 3376 3523 3866 4005 4058 4041 3887 3747 3713 3656 3472 3152 3204 2796 2435 2838 2894 2930
 1981 1861 2053 2308 2503 2810 3545 4005 4446 4685 4530 3823 3459 3035 2815 2359 2206 2385 2853 3308 3689 4295 4674 4825 5130 4951 4565 4296 4719 4999 4742 4466 4111 3891 4078 4094 3630 3528 3234 3101 3016 3211 3185 2938 2544 2841 3313 3602 3355 3002 3509 3452 3491 3997 3734 2831 3130 3429 2903 2594 2381 2292 2362 2544 2903 2742 2750 3284 3706 3862 3852 3902 4083 4103 3971 3875 3864 3810 3794 3698 3566 3448 3175 2695 2408 2509 2285
 1613 1942 2305 2506 2753 3244 3627 4139 4612 4339 4514 4494 4102 3535 3268 2615 2278 2231 2602 3246 3508 3768 4212 4922 4678 4352 4572 4944 5144 5152 5056 4763 4312 4018 3680 3594 3511 3239 3101 3067 3023 2925 2843 2877 2642 2801 3246 3698 3577 3322 3347 3877 4076 4005 3815 2917 3228 3666 3356 2992 3037 3033 2524 2293 2263 2536 3158 3614 3992 4145 4251 4326 4275 4234 4062 4070 3963 3792 3648 3655 3547 3392 3275 2998 2576 2329 2258
 1596 1792 2116 2529 3155 3895 4331 4405 4111 3924 4493 4623 3880 3240 2872 2635 2221 2243 2746 3090 3299 3334 4070 4236 4255 4718 5078 5231 5094 4859 4488 4950 4610 4396 3930 3858 3580 3307 3415 3497 3712 3489 3501 3329 2712 2804 3227 3662 3839 3672 3523 3949 4143 3692 3420 3088 3592 3883 3598 3284 3503 3370 3285 2639 2225 2393 2794 3213 3353 3563 4132 4224 4333 4342 4277 4110 3830 3748 3595 3510 3472 3416 3141 2846 2586 2685 2612
 1684 1979 2477 2525 3048 3418 3815 3668 3355 3851 4332 4561 3837 3282 3273 2568 2204 2303 2587 2708 2866 3127 3621 4162 4873 5297 5845 5215 4835 4437 4331 4843 4534 4117 4388 4451 3953 3566 3662 3896 3988 4031 3877 3360 2772 2933 3230 3558 3963 3945 3799 3979 4178 3953 3656 3376 3771 4145 3855 3505 3525 2928 2754 2730 2916 2301 2216 2694 2838 3290 3427 3646 4078 4106 4266 4206 3999 3980 3761 3788 3669 3510 3405 3284 3238 3043 2612
 1354 1738 2561 2508 2788 3245 2990 2958 3115 3761 4451 4669 4005 3564 3429 2951 2460 2259 2306 2675 3099 3084 3336 4002 4711 4760 5100 4974 4590 4114 4322 4535 4377 4438 4220 4072 3766 3882 4015 3997 3838 3624 3408 3184 2788 2906 3433 3813 3971 4071 4114 4186 4174 4057 3527 3632 4142 4197 4006 3691 3589 2872 3009 3478 3491 2977 2393 2250 2560 2681 2889 3288 3482 3928 4101 4123 4178 3988 4141 3966 3777 3747 3511 3232 3326 3191 2633
 1481 1603 2102 2048 2738 2729 2539 2706 3144 3906 4623 4609 4251 4012 3636 2967 2751 2458 2304 2354 2960 3453 3423 3634 4129 4190 4719 4389 4037 4564 4467 4912 4902 4517 4455 4316 4175 4507 4323 4071 3781 3656 3398 3124 2810 2878 3245 3467 3645 3652 3850 4207 4165 3931 3888 3545 3982 4155 4104 3834 3291 3266 3580 3712 3778 3384 2952 2426 2363 2374 2643 2836 3277 3603 3673 4040 3935 4000 4063 3944 3820 3562 3417 3125 2738 2764 2622
 1216 1467 1665 2063 2166 2158 2392 2772 3349 4116 4528 4330 4265 4266 3964 3541 2925 2567 2382 2287 2597 3137 3200 3257 3544 4117 4204 4016 4701 5042 4671 5172 5306 4883 4678 4559 4961 5158 4516 4076 4212 4075 3802 3428 2892 2960 2935 3113 3376 3578 3847 4182 4224 4125 4190 3801 3912 4201 4121 3603 3233 3562 3966 4055 3889 3422 3105 3254 3266 2622 2785 2760 3052 3385 3959 3923 3304 3316 3877 3832 3848 3588 3552 3442 3217 2710 2536
 1124 1215 1447 1561 1863 2341 2465 2726 3056 3615 4094 3989 4060 4198 3779 3391 2962 2674 2465 2399 2373 2797 2908 3140 3403 3613 4063 4700 5302 5669 5481 5328 5020 4841 4504 4793 5271 5147 4525 4608 4494 4234 3870 3381 2900 3142 3311 3160 3336 3771 3930 3933 4146 4227 4196 3973 4131 4164 4143 3562 3627 3925 4216 4144 3853 3426 3114 3000 2918 2416 2819 3239 2577 2968 3259 3417 2955 3262 3270 3865 4009 3820 3719 3624 3458 3132 3147
 1215 1468 1602 1659 1727 2032 2560 2788 3318 3645 3742 3916 3970 4135 4128 3464 3008 2741 2600 2937 2415 2735 2856 3281 3367 3334 3936 4394 5088 5952 5956 5066 4757 4477 4235 4412 4962 4941 4790 4693 4251 4234 3796 3312 2991 3308 3660 3479 3290 3513 3717 3819 3976 4241 4269 4099 4200 4026 3891 3680 3630 4076 4215 4058 3689 3442 3016 2784 2569 2348 2646 3106 3445 3319 2446 2521 2607 2865 3249 3436 3516 3794 3787 3689 3527 3216 2736
 1236 1604 1712 2022 2099 2046 2505 2978 3862 4191 4133 4288 4152 4070 4164 3830 3275 2932 2777 3122 2572 2480 2877 3180 3087 3180 3586 4082 4802 5381 5850 5370 4769 4341 4206 4882 4719 4320 4711 4196 4370 4085 3663 3379 3106 3547 3875 3890 3538 3694 4108 4188 4059 4240 4273 4220 4245 4218 3895 4170 3850 3910 4213 3991 3767 3834 3199 2793 2638 2399 2517 3100 3689 3934 3690 3219 2851 2628 2652 2875 3383 3170 3490 3600 3360 3100 2718
 1037 1250 1660 2072 2511 2467 2449 2828 3278 3935 4279 4574 4338 4213 4286 4192 3685 3167 2943 3197 2672 2466 2587 2760 3001 3224 3316 3675 4342 4746 5019 4680 4122 4159 4715 5110 4803 4310 4336 4463 4125 4165 3579 3181 3135 3348 3714 4069 3945 3785 3967 4204 4254 4261 4327 4324 4347 4231 4017 4266 4128 4207 4154 3956 3774 3528 2956 2682 2540 2372 2722 3006 3459 4001 4111 3940 3548 3359 2982 2594 2690 2862 3381 3649 3483 3270 2708
 1221 1215 1473 1844 2547 3056 2892 3078 3449 4118 4361 4414 4491 4467 4401 4543 4102 3522 3122 3365 2941 2446 2470 2622 2997 3055 3085 3277 3655 3961 4365 4233 4455 4653 4928 4656 4361 4242 4142 4004 3991 3880 3444 3490 3438 3331 3758 4194 4459 4218 4081 4269 4314 4346 4370 4349 4321 4249 4071 4288 4333 4374 4237 4091 3592 3470 3273 2798 2551 2609 3299 3705 3568 3906 4146 4057 3932 3913 3592 3047 2591 3101 3628 3731 3534 3335 3066
 1554 1557 1526 1786 2216 2599 3148 3504 3971 4236 4490 4376 4311 4415 4560 4583 4112 3704 3317 3527 3110 2690 2599 2513 2701 2898 3048 3215 3461 3645 3846 4096 4672 4593 4995 4727 4804 4857 4648 4346 3748 3755 3721 3941 3815 3579 3812 4240 4471 4491 4361 4303 4367 4286 4319 4235 4273 4325 4251 4381 4461 4461 4320 4082 3940 3975 3408 3169 2671 2696 3213 3644 3864 4076 4258 4263 4116 4079 3838 3188 2713 2771 3360 3695 3697 3532 3491
 1478 1896 2071 1929 1916 2180 2544 2981 3402 3661 3851 4198 4033 4361 4576 4626 4339 3929 3578 3728 3298 3098 2959 2739 2590 2866 3157 3374 3369 3422 3519 3898 4232 4675 5327 5396 4775 4609 4481 4409 3839 4467 3936 4102 4166 3807 3920 4445 4353 4394 4399 4394 4351 4286 4171 4124 4078 4346 4415 4414 4424 4439 4360 4312 4077 3886 3805 3425 2650 2725 3273 3715 4123 4098 4154 4220 4169 4056 3838 3245 2975 2959 2811 3573 3852 3718 3523
 1479 1943 2454 2366 2482 2573 3063 3197 3148 3440 3524 3670 3858 4281 4486 4578 4596 4350 4169 4075 3664 3514 3316 2905 2669 2618 3068 3287 3234 3244 3489 3761 4139 4414 5035 5443 4540 4189 4271 4205 3912 4622 4170 4062 4258 4160 3967 4065 4221 4312 4432 4376 4362 4249 4027 3882 3921 4278 4398 4330 4331 4343 4412 4370 4269 4046 3931 3199 2460 2891 3390 3757 4008 4223 4218 4151 4112 3937 3649 3370 3554 3621 2727 3296 3814 3660 3477
 1396 1690 2273 2766 2984 2877 3686 3646 3672 4050 4115 3937 4004 4221 4372 4610 4502 4680 4462 4058 3532 3296 3074 2880 2963 2607 3051 3030 3043 3244 3445 3617 3910 4522 4959 5314 4816 4871 4924 4340 4071 4769 4369 3994 4356 4351 4462 4150 4411 4464 4453 4300 4271 4345 4216 3855 3734 4081 4347 4242 4262 4144 4332 4375 4307 3765 3248 3008 2571 2925 3080 3440 3838 4055 4312 4233 4167 3952 3969 3760 3957 3678 2858 3218 3814 3777 3553
 1733 1754 1986 2684 3067 3163 3510 3610 4104 4397 4333 4359 4355 4519 4522 4371 4559 4571 4436 4047 3717 3543 3211 3366 3084 2618 2963 2895 3198 3160 3263 3608 3759 4128 4664 5279 5362 5626 4730 4656 4402 4617 4632 4147 4124 4519 4607 4254 4309 4491 4449 4372 4164 4264 4238 3911 3604 3946 4243 4293 3931 3848 4117 4313 4200 3422 2846 2455 2872 3302 3522 3525 3624 3977 4344 4319 4163 4115 4036 3836 3979 3915 2957 3236 3905 3686 3426
 2028 2042 2209 2411 2371 2388 2579 3092 3746 3942 3958 4089 4338 4381 4396 4209 4420 4617 4535 4177 3804 3561 3614 3414 2964 2618 2643 2810 3008 3066 3396 3429 3454 3796 4193 4941 5305 5863 5059 5000 5092 4851 4862 4315 4334 4346 4611 4537 4404 4516 4402 4239 4102 3982 4197 3859 3490 3745 4203 4341 4128 3616 3636 4092 3584 3306 2594 2626 2852 3217 3767 3937 4046 4119 4255 4401 4290 4241 4031 4137 4028 3608 2813 3411 3796 3705 3612
 1716 1611 2042 2480 1968 2142 2543 3219 3564 3339 3536 3851 4163 4005 3964 4206 4469 4564 4621 4426 4102 3930 3968 3719 3077 2801 2828 2685 2729 2969 3177 3171 3267 3503 3950 4488 4849 5154 4672 4659 5050 4718 4608 4620 4708 4749 4907 5161 4832 4685 4524 4391 4108 3796 4080 3772 3376 3721 4186 4292 4229 3845 3504 3076 2994 2868 2609 3188 3255 3127 3652 4074 4246 4365 4437 4415 4229 4300 4242 4177 3984 3263 3022 3372 3674 3858 3682
 1388 1371 1848 1804 1683 1960 2379 2816 2786 2869 3205 3465 3565 3734 4249 4463 4558 4607 4610 4513 4317 4007 3797 3434 3460 3077 3316 3008 2763 2728 2975 3198 3258 3347 3671 4394 4828 4749 4311 4585 4217 4063 4205 4335 4609 4842 5139 5382 4634 4498 4404 4322 4389 3959 3827 3724 3269 3510 4053 4174 4237 4099 4080 3704 2842 2513 2864 3285 3798 3305 3471 3842 4212 4374 4418 4363 4290 4208 4241 4062 4029 3117 3435 3836 3531 3692 3845
 1059 1294 1465 1434 1475 1784 2011 2183 2329 2652 2847 3113 3631 4317 4621 4676 4576 4559 4527 4526 4412 4129 4162 4019 4031 3647 3362 3537 3272 2824 2842 2950 3042 3250 3505 3956 4402 4040 3950 4020 4370 4830 4896 4532 4443 4432 5025 5314 4638 4309 4236 4085 4416 4099 3519 3445 3138 3513 4023 3893 3954 3884 3863 3248 2657 2766 3128 3579 3846 3889 3546 4028 4269 4380 4396 4270 4262 4011 4195 4114 4242 3370 3415 4037 3780 3651 3660
 897 1027 1124 1274 1455 1641 1922 2131 2632 3332 3378 3860 4322 4612 4463 4485 4519 4329 4536 4463 4492 4425 4414 4164 4181 3908 3665 3867 3538 2985 2777 3126 3262 3101 3362 3611 3816 4137 4454 4507 4580 4969 5070 4963 4732 4401 4798 4836 4724 4472 4548 4326 4030 4006 3562 3175 3010 3392 3945 3438 3613 3345 3153 2744 2737 3338 3253 3821 4173 4173 3902 4087 4352 4368 4303 4311 4203 4072 3848 3855 4063 3054 3425 4111 3978 3867 3860
 994 1193 1261 1457 1727 2007 2137 2482 2543 3122 3728 4335 4535 4323 4248 4573 4465 4142 4236 4359 4430 4513 4454 4238 4342 4012 4039 4067 3656 3218 2785 2997 3213 3233 3325 3449 3819 4285 4574 4989 5003 4936 5465 5046 5274 5095 5114 4636 4242 4183 4375 4387 4357 4111 3883 3426 3022 3241 3905 3497 3049 2951 2650 2982 3037 3574 3598 3691 4211 4354 4280 4307 4374 4317 4221 4196 4146 4074 3891 3686 3534 3035 3759 4052 4109 4097 4084
 1326 1527 1308 1547 2108 2778 2590 2765 2908 2969 3484 4231 4158 3853 4344 4256 3997 3915 4341 4513 4561 4575 4538 4454 4444 4335 4337 4178 3571 3254 2908 2813 3012 3186 3410 3554 3759 4222 4727 4851 4630 4648 4966 5608 6015 5122 5408 5016 4594 4248 4009 4195 4207 4237 4064 3631 3243 2986 3546 3082 2708 2767 2948 3429 3152 3452 3794 3785 4127 4390 4419 4460 4397 4331 4207 3962 3720 3575 3393 3411 2981 3426 3494 3780 4146 4148 4080
 1171 1492 1515 1599 2047 2724 3305 3385 3624 3768 3870 3989 3634 3633 3978 3622 3771 4172 4310 4441 4554 4617 4560 4582 4519 4559 4425 4091 3698 3456 2996 2845 3148 3367 3447 3489 3745 4103 4436 4509 4734 4949 5131 5063 5158 5437 5642 5345 4702 4265 4072 3836 3750 3947 3868 3712 3467 2954 3092 2864 3232 3084 3400 3775 3091 3282 3651 4009 4109 4357 4405 4384 4376 4306 4137 4039 3897 3729 3487 3014 3217 3803 3782 3567 3808 3861 3986
 936 1226 1661 1857 2172 2782 2563 2582 3126 3858 4225 3794 3174 3647 3384 3364 4171 4441 4612 4656 4673 4611 4477 4556 4464 4617 4607 4241 3659 3355 3276 2913 2993 3267 3293 3637 3868 4271 4768 5033 5118 5217 5024 4660 5036 5239 5070 5274 4766 4429 4372 4157 3624 3443 3341 3337 3254 2885 3148 3070 3393 3616 3572 4134 3447 3198 3704 3954 4241 4361 4403 4354 4371 4294 4278 4108 3917 3614 3169 2970 3437 4010 4133 3733 3763 4163 4204
 966 1138 1436 1850 2278 1959 1931 2235 2806 3465 3534 3169 2838 2880 2911 3746 4058 4286 4470 4580 4672 4570 4387 4416 4476 4657 4502 4145 3885 3713 3327 3147 2915 3025 3377 3731 3978 4474 5106 5306 5072 5358 4835 4674 4907 4579 4644 5049 4358 4286 4130 4289 4119 3805 3229 2963 3042 2874 3511 3644 3436 3813 3689 4102 3353 3284 3883 4108 4212 4338 4354 4273 4315 4253 4245 4150 3978 3917 3406 2944 3443 3944 4235 4032 3813 4111 4258
 1336 1601 1614 1584 1762 1651 1740 2259 2594 2590 2780 2659 2319 2701 3289 3945 4188 4124 4368 4545 4584 4510 4213 4261 4554 4618 4553 4438 4233 3870 3562 3535 3287 3041 3314 3665 4079 4593 4983 4810 4949 4790 4512 4907 4721 4405 4842 5038 4871 4303 4368 3996 3811 3658 3348 3150 2866 3284 3531 4107 3828 4071 4187 4095 3392 3572 3620 4022 4165 4124 4300 4287 4113 4220 4019 4186 4099 3668 3203 2978 3574 4010 4258 4249 4112 3978 4217
 1173 1450 1768 1564 1340 1397 1821 1853 1854 2034 2133 2131 2057 2750 3268 3777 3651 3513 3859 4423 4381 4444 3931 4294 4586 4440 4474 4559 4322 3896 4032 4011 3607 3073 3224 3733 4217 4636 4693 4629 4758 4435 5015 4645 4300 4312 4469 4645 4817 4539 4743 4656 4323 4151 3945 3428 3062 3297 4118 4242 4282 4102 4354 4198 3604 4118 4075 3805 4009 4186 4210 4213 4141 4073 3981 3930 3830 3776 3166 2981 3455 3760 4060 4228 4305 4170 4029
 853 1191 1240 1312 1167 1484 1627 1477 1510 1602 1794 1753 2211 2628 3061 3129 3145 3073 3705 4304 4065 4266 3774 4237 4288 4413 4574 4565 4356 4068 4127 3971 3737 3284 3108 3528 3838 4112 4300 4582 4355 4905 4761 4152 4548 4925 5081 4760 4555 4523 4568 4275 4161 4264 4180 3650 3303 3047 3704 4282 4505 4392 4267 4269 3637 3872 4237 4097 4114 4242 4060 4100 4146 3984 3888 3802 3603 3477 3281 2982 3473 3841 4212 4370 4332 4364 4314
 748 1019 927 915 993 1203 1225 1298 1212 1376 1539 1886 2262 2336 2492 2436 2743 3187 3865 4280 3641 3537 3505 3937 4262 4508 4539 4515 4424 4327 4198 3954 3626 3195 3067 3352 3526 3707 3857 4068 4559 4629 4130 4557 4861 4774 4973 5024 4460 4456 4278 4234 4271 3997 3792 3446 3216 2989 3438 4199 4628 4604 4352 4057 3935 3624 4058 4324 4234 4228 4102 3959 3831 4015 3758 3944 3896 3788 3593 3021 3475 4155 4395 4291 4406 4340 4397
 756 783 696 701 841 895 927 1005 1296 1590 1859 1951 1697 1968 2084 2478 2985 3081 3547 3813 3195 3190 3955 4286 4415 4585 4494 4263 4455 4475 4406 4027 3663 3233 3054 3203 3363 3535 3665 3855 4018 4090 4513 4550 4449 4851 5170 5296 4782 4683 4578 4557 4486 4361 4031 3708 3354 3029 3562 4180 4408 4236 4421 4310 4107 3787 3835 4139 4247 4291 4233 4067 3974 3718 3641 3647 3569 3507 3232 3003 3651 4214 4204 4206 4275 4301 4402
 478 547 567 567 634 719 847 859 1088 1293 1364 1546 1414 1825 2058 2566 2433 2515 3198 3150 2740 3519 3911 3844 4289 4509 4250 4219 4465 4275 4202 3929 3619 3285 3055 3189 3280 3376 3537 3717 3851 4125 4436 4798 4929 4731 4764 5262 4852 4710 4753 4522 4514 4374 4301 3816 3248 3105 3440 3849 4067 4443 4381 4417 4337 3942 4123 4178 4288 4261 4260 4207 4059 3967 3817 3692 3779 3813 3761 3046 3618 3951 4054 4203 4092 4187 4276
 639 434 451 527 593 653 712 716 815 922 1002 1116 1216 1623 1821 2023 2121 2447 2770 2618 2628 3357 3337 3751 4337 4214 3915 4152 4391 4215 3951 3717 3462 3286 3088 3194 3329 3554 3803 4004 4167 4231 4640 4711 4464 4506 4906 5325 5132 4479 4545 4374 4402 4321 4187 3673 3127 3307 3299 3442 3966 4461 4472 4342 4096 4181 4304 4234 4381 4368 4229 4118 3951 3953 3968 3757 3597 3641 3787 3174 3373 3578 3798 3767 3690 3845 3841
 910 706 516 603 714 888 883 931 1030 1017 1191 1308 1183 1357 1469 1673 1871 1993 2171 2380 2565 2791 2922 3440 3785 3720 3731 3923 4151 4184 3913 3785 3593 3369 3202 3423 3529 3671 3888 4022 4192 4066 4285 4565 4989 5167 4988 4797 4593 4536 4192 4214 4231 4158 4217 3529 3143 3741 3890 3735 3810 4191 4438 4308 4054 4348 4385 4361 4324 4364 4308 4244 4131 4042 4013 3853 3559 3430 3466 3387 3046 3229 3392 3560 3830 3887 4160
 587 748 717 651 837 873 1057 1229 1348 1141 1348 1611 1281 1324 1567 1911 2196 2367 2690 2517 2655 3151 3181 3089 3288 3780 4082 4064 4338 4298 4052 3922 3774 3398 3246 3473 3382 3513 3681 3763 3896 4158 4430 4900 5075 5053 4619 4860 4819 4427 4382 4226 3939 3880 4121 3418 3298 3911 4214 3977 4226 4082 4343 4369 4150 4186 4346 4456 4388 4367 4319 4156 4060 3797 3699 3784 3537 3408 3559 3769 3749 3140 3461 3937 4209 4179 4181
 532 758 805 735 990 1019 1078 1217 1506 1401 1435 1712 1535 1436 1695 1940 2148 2734 2978 3279 2740 3069 3650 3720 3637 3923 4419 4519 4551 4404 4072 3996 3826 3704 3356 3281 3516 3728 3996 4096 4186 4295 4321 4563 5194 4543 4735 5235 5022 4559 4536 4264 3905 3749 3707 3384 3433 4060 4328 4248 4401 4278 4404 4451 4334 4402 4380 4460 4352 4273 4340 4181 3946 3790 3623 3543 3735 3702 3645 3770 3896 3333 3190 3663 3991 3979 4115
 660 871 907 1027 1093 1308 1406 1451 1776 1780 1996 1878 1912 1597 2062 2379 2408 2809 3453 3704 2922 3263 3844 4320 4335 4267 4469 4690 4601 4359 4178 4232 4051 3887 3755 3329 3511 3683 3848 3961 4029 4166 4460 4690 4608 4416 4683 4997 4720 4639 4330 4158 4267 4274 3947 3418 3628 4207 4416 4464 4490 4455 4403 4498 4448 4460 4544 4408 4338 4339 4353 4213 4146 3755 3568 3731 3868 3887 3859 3918 3820 3592 3228 3288 3711 3810 3682
 709 800 836 908 988 1157 1543 1866 2150 2488 2731 2311 2150 1862 2058 2676 3104 3052 3566 3996 3174 3111 3703 4013 4289 4555 4680 4606 4536 4520 4384 4283 4092 3991 3909 3480 3409 3457 3624 3819 4021 4217 4455 4463 4270 4652 4514 4624 4530 4710 4470 4299 4390 4121 3824 3400 3689 3962 4154 4356 4390 4516 4501 4455 4591 4504 4445 4496 4293 4257 4293 4237 4045 3785 3749 3842 4008 3963 3961 3997 3755 3779 3601 3105 3419 3586 3821
 771 928 861 783 829 990 1299 1610 1759 2182 2828 2814 2460 2212 2211 2546 3079 3502 3842 3990 3500 3303 3393 3772 4260 4428 4466 4420 4485 4493 4459 4324 4173 4059 3977 3800 3390 3456 3676 3949 4120 4088 4132 4148 4175 4290 4175 4353 4630 4755 4665 4613 4431 3852 3490 3864 3979 4038 4139 4384 4529 4522 4573 4523 4483 4475 4318 4519 4383 4202 4322 4211 4014 3933 4046 4015 4015 3990 3914 3847 3767 3864 3474 3207 3740 4083 4229
 903 786 731 665 825 950 1152 1346 1779 2009 2349 2596 2790 2820 2652 3199 3388 3750 4124 4275 4046 3745 3896 3768 4004 4209 4297 4438 4352 4513 4445 4318 4159 4044 4024 3975 3687 3424 3637 3796 3851 3917 3997 4048 4081 4118 4202 4549 4616 4752 4851 4466 4126 3923 3619 3709 4215 4459 4463 4501 4580 4543 4512 4547 4447 4472 4317 4460 4353 4258 4214 4247 4113 4028 4171 4106 3977 3885 3776 3726 3916 3692 3304 3189 3817 4097 4056
 710 661 635 626 700 875 994 1263 1455 1662 2170 2115 2144 2802 3287 3744 3893 4011 4329 4541 4471 4274 4194 4054 4196 4393 4470 4323 4175 4234 4342 4435 4342 4229 4122 4136 3797 3439 3517 3588 3721 3817 3966 4087 4165 4422 4510 4652 4788 4587 4800 4724 4474 4293 3986 3605 3811 4081 4282 4489 4505 4506 4451 4503 4553 4409 4390 4334 4363 4327 4139 4133 4218 4214 4179 4185 4002 3929 3890 3845 3943 3716 3161 3194 3592 3892 3714
 742 660 495 561 624 759 861 1074 1267 1704 1718 1608 1930 2708 3477 3536 3742 3720 4106 4208 4441 4565 4506 4390 4463 4386 4412 4350 4160 4036 4181 4212 4353 4382 4281 4296 4012 3628 3467 3625 3714 3818 3961 4073 4244 4506 4650 4673 4411 4493 4712 4616 4335 4358 4388 3826 4056 4214 4046 4178 4285 4311 4327 4344 4545 4361 4375 4238 4336 4342 4248 4012 4198 4188 4169 4156 3996 4011 3979 3990 3822 3572 3162 3199 3351 3528 3566
 693 628 466 535 600 693 818 1044 1235 1302 1306 1504 1785 2310 2952 2824 3089 3004 3648 3573 4163 4516 4513 4491 4473 4235 4254 4454 4291 4058 3797 3988 4235 4437 4412 4476 4163 3775 3486 3514 3638 3812 3914 4053 4242 4451 4456 4248 4333 4417 4493 4762 4598 4566 4366 3931 4337 4500 4129 4213 4485 4517 4537 4521 4496 4488 4245 4307 4234 4383 4311 4057 4248 4162 4048 3988 3941 3909 4053 3810 3417 3203 3313 3399 3211 3200 3508
 736 565 465 652 753 758 859 1041 1210 1040 1155 1314 1700 1967 2218 2340 2430 2838 2850 3124 3848 4311 4510 4350 4367 4085 3997 4307 4041 3753 3650 3975 4323 4522 4508 4479 4110 3808 3552 3484 3602 3749 3905 4065 4285 4464 4204 4130 4479 4760 4806 4576 4704 4473 4340 4065 4447 4436 4258 4262 4257 4503 4487 4529 4481 4456 4366 4210 4106 4296 4399 4097 4100 4228 4086 3811 4036 3781 3894 3638 3219 3436 3620 3600 3800 3435 3194
 669 493 452 586 706 869 1021 1175 980 931 1099 1284 1377 1499 1636 1832 2091 2307 2562 3353 3887 4226 4451 4174 4376 4222 3842 3931 3747 3430 3752 4063 4218 4419 4611 4457 4315 3968 3660 3469 3647 3776 3806 3879 4073 4132 4136 4474 4556 4413 4325 4485 4799 4573 4412 4149 4496 4446 4320 4469 4326 4333 4383 4469 4506 4340 4412 4394 4109 4168 4364 4257 3962 4189 4128 3868 3779 3708 3762 3455 3194 3406 3750 3837 4076 3912 3476
 351 376 450 558 745 882 1040 1051 834 936 1033 1097 1241 1425 1744 1981 2426 2769 3014 3530 3763 4274 4210 4012 4324 4330 4143 3644 3528 3348 3731 4253 4437 4420 4552 4601 4421 4117 3764 3515 3592 3734 3749 3826 3893 4021 4129 4132 4230 4541 4697 4805 4910 4586 4252 4312 4560 4501 4351 4518 4380 4469 4374 4452 4480 4418 4233 4362 4275 3924 4223 4296 4134 4045 4181 4064 3727 3678 3492 3229 3397 3506 3562 3926 4192 3991 3497
 314 404 642 805 972 915 899 783 758 880 939 1252 1464 1873 2095 2433 2464 2807 3222 3701 4038 4129 3936 3790 4091 3976 4095 3816 3284 3407 3783 3906 4064 4350 4637 4650 4551 4280 3985 3645 3527 3634 3724 3765 3785 3953 4271 4421 4428 4438 4575 5048 4873 4334 4606 4513 4562 4511 4372 4561 4439 4518 4441 4508 4501 4467 4347 4140 4311 3988 3948 4229 4200 3951 4174 3861 3647 3712 3293 3510 3541 3779 3635 4019 4140 3801 3328
 587 618 802 1047 1069 791 838 730 688 829 981 1095 1259 1474 1674 2075 2654 3228 3305 3515 3873 3927 3566 3700 3999 3584 3497 3346 3344 3350 3609 4006 4277 4327 4488 4685 4494 4467 4106 3764 3535 3606 3672 3717 3821 3957 4165 4451 4659 4820 4986 5121 4929 4390 4548 4640 4657 4486 4411 4583 4544 4565 4497 4541 4462 4378 4383 4260 4135 4193 3756 3913 4120 3989 4190 3956 3677 3485 3410 3854 3743 3843 3644 3847 4150 3829 3314
 412 692 880 1031 989 625 737 602 738 945 1361 1389 1482 1913 1918 1969 2201 2806 3415 3824 3768 3652 3242 3512 3545 3204 2910 3110 3236 3513 3595 4198 4386 4482 4525 4529 4628 4432 4252 3917 3589 3667 3774 3815 3926 4085 4266 4520 4541 4841 4870 4939 5042 4722 4480 4741 4668 4536 4541 4495 4670 4654 4606 4533 4485 4365 4331 4317 4176 4144 4001 3711 3987 3995 4111 4059 3740 3551 3377 3799 3989 3866 3839 3834 4134 3926 3480
 403 632 795 855 727 615 635 621 753 993 1451 1946 1942 2091 2285 2629 2418 2683 3091 3604 3307 3157 2951 3020 2786 2725 2799 3103 3513 3853 3786 3812 3971 4301 4377 4509 4500 4520 4286 4003 3724 3667 3828 3924 3996 4152 4374 4491 4367 4489 4783 5035 4875 4827 4956 4739 4845 4635 4595 4534 4697 4532 4548 4505 4436 4388 4254 4392 4280 4233 4176 3788 3875 3803 3802 4024 3788 3761 3357 3844 3981 3931 4073 4073 4126 3840 3479
 662 726 578 734 464 565 495 670 880 1064 1472 1655 1780 1670 2283 3001 3205 3201 3344 3133 2711 2512 2493 2409 2595 3170 3334 3560 3595 3993 4107 4370 4177 4103 4208 4323 4519 4538 4306 4036 3861 3748 3845 3919 4042 4234 4344 4323 4524 4789 4750 4605 4814 5025 5067 5021 4923 4798 4739 4763 4735 4574 4384 4351 4397 4386 4245 4238 4131 4005 3938 3844 3677 3916 3676 4078 3807 3636 3368 3621 3973 3951 4016 4057 3898 3592 3761
 478 374 351 381 469 521 712 1109 1292 1205 1167 1211 1246 1583 2260 2807 2676 2450 2801 2842 2380 2047 2142 2620 2862 3248 3774 4292 4291 4270 4375 4407 4504 4451 4415 4330 4383 4500 4360 4046 3962 3884 3787 3896 4051 4247 4430 4547 4587 4641 4575 4835 4702 4972 4809 4936 4679 4579 4642 4585 4706 4615 4476 4436 4229 4397 4326 4235 4145 4128 4182 4087 3837 3633 3575 3640 3498 3438 3572 3559 3777 4006 3961 3956 3929 3688 4084
 277 356 527 543 531 565 779 942 983 809 1044 1210 1274 1522 1869 2224 1927 1959 2438 2092 1856 1910 2194 2807 3140 3446 3706 4193 4536 4563 4542 4538 4539 4591 4549 4476 4484 4467 4393 4181 4087 3848 3818 3893 3953 4155 4320 4494 4525 4310 4530 4579 4641 4765 4950 4896 4653 4559 4413 4548 4634 4518 4694 4483 4317 4179 4180 4068 4009 4216 4107 3792 3689 3629 3634 3533 3622 3626 3590 3618 3665 3948 3984 3923 3860 3774 4137
 285 505 525 485 442 507 629 636 602 849 1236 1180 1262 1653 1997 1815 1555 1856 2152 1750 1634 2257 2623 2623 2829 3312 3944 4166 4309 4234 4227 4470 4448 4565 4435 4442 4431 4475 4545 4397 4217 3930 3854 3942 4010 4037 4138 4235 4228 4354 4416 4444 4474 4659 4715 4790 4752 4732 4523 4318 4652 4493 4460 4522 4220 4324 4322 4374 4134 3868 3833 3698 3985 3854 3867 3905 3737 3686 3655 3629 3711 3791 3913 3947 3876 3921 4097
 293 381 397 415 423 480 419 590 785 957 927 965 1262 1568 1848 1561 1342 1391 1560 1462 1744 2098 2586 3047 3159 3346 3296 3385 3579 3652 3924 4337 4573 4510 4265 4297 4434 4486 4525 4457 4170 3944 3870 3944 4020 4098 4241 4328 4299 4598 4772 4771 4806 4865 4835 4907 4843 4755 4675 4329 4566 4528 4370 4721 4552 4487 4442 4340 4237 3762 3700 4061 4207 3916 3846 4160 3912 3787 3676 3699 3736 3743 3869 4001 3913 3960 3943
 406 376 364 405 465 399 450 634 966 772 717 850 1101 1368 1431 1349 1093 1577 1712 1801 1613 1805 2228 2498 2683 2635 2574 2781 3281 3800 4111 4590 4443 4346 4130 4414 4360 4343 4472 4480 4270 4022 3862 3937 4016 4081 4197 4352 4482 4597 4690 4676 4869 5089 5001 5021 4851 4609 4675 4384 4377 4400 4486 4801 4728 4449 4357 4230 4122 3857 4150 4149 4048 3750 3914 4191 4121 3808 3779 3806 3783 3772 3937 3944 3991 3951 3978
 446 383 328 362 417 367 412 620 817 540 623 778 960 1095 1076 1038 1056 1575 1518 1372 1570 1649 1982 1847 1993 2349 2993 3335 3474 3940 4453 4335 4377 4165 3987 4203 4320 4513 4579 4631 4414 4104 3928 3922 3994 4059 4170 4328 4494 4675 4930 4983 4865 5095 4995 4950 4756 4624 4566 4539 4220 4211 4445 4525 4676 4299 4280 4257 4141 3922 4252 4266 3954 4004 3928 4227 4213 4042 4023 4110 3943 3853 3928 3960 4049 3815 3884
 386 391 285 339 328 392 397 507 641 429 524 700 734 880 841 683 906 1041 976 1222 1281 1284 1532 1864 2423 2940 3309 3682 3989 4096 4131 3956 4122 3795 3798 4222 4600 4604 4621 4533 4460 4272 4098 3934 3957 4039 4151 4345 4527 4680 5063 5324 5114 5062 4759 4875 4626 4752 4475 4640 4120 4129 4158 4312 4696 4636 4220 4321 4239 3981 4153 4293 4045 4233 3974 4109 4189 4238 4055 4231 4115 3857 3793 3774 3896 3735 3722
